{
  "success": true,
  "framework": "PyMDP",
  "model_name": "Multi Armed Bandit Agent",
  "num_timesteps": 15,
  "simulation_trace": {
    "observations": [
      1,
      1,
      0,
      1,
      0,
      2,
      0,
      0,
      2,
      1,
      2,
      2,
      2,
      2,
      2
    ],
    "true_states": [
      2,
      2,
      2,
      1,
      1,
      1,
      1,
      1,
      0,
      0,
      0,
      0,
      0,
      0,
      0
    ],
    "beliefs": [
      [
        0.30000000000000004,
        0.4,
        0.30000000000000004
      ],
      [
        0.2699115044247788,
        0.4601769911504424,
        0.2699115044247787
      ],
      [
        0.0719740141326648,
        0.5681559152040117,
        0.35987007066332344
      ],
      [
        0.09440704949843473,
        0.6033882885803736,
        0.30220466192119155
      ],
      [
        0.029079152910305703,
        0.6283523449222943,
        0.3425685021674001
      ],
      [
        0.2614366809741091,
        0.34062855096415895,
        0.39793476806173195
      ],
      [
        0.06960193167757948,
        0.4340632321026279,
        0.49633483621979263
      ],
      [
        0.023921364747550074,
        0.45904152889207706,
        0.5170371063603728
      ],
      [
        0.22920433954991712,
        0.2390820603302634,
        0.5317136001198194
      ],
      [
        0.22576743103909386,
        0.3113466296656249,
        0.4628859392952812
      ],
      [
        0.5470913112497376,
        0.11860114214118582,
        0.3343075466090766
      ],
      [
        0.7904653243657903,
        0.03857749228601236,
        0.17095718334819732
      ],
      [
        0.9014695837884602,
        0.017230898160643857,
        0.0812995180508958
      ],
      [
        0.9417624918701704,
        0.012431136258257716,
        0.04580637187157205
      ],
      [
        0.9553607411748671,
        0.01133900680181149,
        0.033300252023321174
      ]
    ],
    "actions": [
      0,
      0,
      0,
      0,
      0,
      0,
      0,
      0,
      0,
      0,
      0,
      0,
      0,
      0,
      0
    ],
    "efe_history": [
      [
        -1.84597940572726,
        -1.84597940572726,
        -1.84597940572726
      ],
      [
        -1.8903376495623045,
        -1.8903376495623045,
        -1.8903376495623045
      ],
      [
        -2.1699536622071913,
        -2.1699536622071913,
        -2.1699536622071913
      ],
      [
        -2.143314683376143,
        -2.143314683376143,
        -2.143314683376143
      ],
      [
        -2.2414507424622254,
        -2.2414507424622254,
        -2.2414507424622254
      ],
      [
        -1.8871559907851383,
        -1.8871559907851383,
        -1.8871559907851383
      ],
      [
        -2.1538554619016783,
        -2.1538554619016783,
        -2.1538554619016783
      ],
      [
        -2.2228363689320063,
        -2.2228363689320063,
        -2.2228363689320063
      ],
      [
        -1.9162864426820612,
        -1.9162864426820612,
        -1.9162864426820612
      ],
      [
        -1.928858805230539,
        -1.928858805230539,
        -1.928858805230539
      ],
      [
        -1.539807026214794,
        -1.539807026214794,
        -1.539807026214794
      ],
      [
        -1.3041846809865474,
        -1.3041846809865474,
        -1.3041846809865474
      ],
      [
        -1.2134738253792932,
        -1.2134738253792932,
        -1.2134738253792932
      ],
      [
        -1.1833999747223873,
        -1.1833999747223873,
        -1.1833999747223873
      ],
      [
        -1.1736211089050335,
        -1.1736211089050335,
        -1.1736211089050335
      ]
    ],
    "belief_confidence": [
      0.4,
      0.4601769911504424,
      0.5681559152040117,
      0.6033882885803736,
      0.6283523449222943,
      0.39793476806173195,
      0.49633483621979263,
      0.5170371063603728,
      0.5317136001198194,
      0.4628859392952812,
      0.5470913112497376,
      0.7904653243657903,
      0.9014695837884602,
      0.9417624918701704,
      0.9553607411748671
    ]
  },
  "observations": [
    1,
    1,
    0,
    1,
    0,
    2,
    0,
    0,
    2,
    1,
    2,
    2,
    2,
    2,
    2
  ],
  "true_states": [
    2,
    2,
    2,
    1,
    1,
    1,
    1,
    1,
    0,
    0,
    0,
    0,
    0,
    0,
    0
  ],
  "beliefs": [
    [
      0.30000000000000004,
      0.4,
      0.30000000000000004
    ],
    [
      0.2699115044247788,
      0.4601769911504424,
      0.2699115044247787
    ],
    [
      0.0719740141326648,
      0.5681559152040117,
      0.35987007066332344
    ],
    [
      0.09440704949843473,
      0.6033882885803736,
      0.30220466192119155
    ],
    [
      0.029079152910305703,
      0.6283523449222943,
      0.3425685021674001
    ],
    [
      0.2614366809741091,
      0.34062855096415895,
      0.39793476806173195
    ],
    [
      0.06960193167757948,
      0.4340632321026279,
      0.49633483621979263
    ],
    [
      0.023921364747550074,
      0.45904152889207706,
      0.5170371063603728
    ],
    [
      0.22920433954991712,
      0.2390820603302634,
      0.5317136001198194
    ],
    [
      0.22576743103909386,
      0.3113466296656249,
      0.4628859392952812
    ],
    [
      0.5470913112497376,
      0.11860114214118582,
      0.3343075466090766
    ],
    [
      0.7904653243657903,
      0.03857749228601236,
      0.17095718334819732
    ],
    [
      0.9014695837884602,
      0.017230898160643857,
      0.0812995180508958
    ],
    [
      0.9417624918701704,
      0.012431136258257716,
      0.04580637187157205
    ],
    [
      0.9553607411748671,
      0.01133900680181149,
      0.033300252023321174
    ]
  ],
  "actions": [
    0,
    0,
    0,
    0,
    0,
    0,
    0,
    0,
    0,
    0,
    0,
    0,
    0,
    0,
    0
  ],
  "model_parameters": {
    "A_shape": [
      3,
      3
    ],
    "B_shape": [
      3,
      3,
      3
    ],
    "C_shape": [
      3
    ],
    "D_shape": [
      3
    ],
    "num_states": 3,
    "num_observations": 3,
    "num_actions": 3
  },
  "metrics": {
    "expected_free_energy": [
      [
        -1.84597940572726,
        -1.84597940572726,
        -1.84597940572726
      ],
      [
        -1.8903376495623045,
        -1.8903376495623045,
        -1.8903376495623045
      ],
      [
        -2.1699536622071913,
        -2.1699536622071913,
        -2.1699536622071913
      ],
      [
        -2.143314683376143,
        -2.143314683376143,
        -2.143314683376143
      ],
      [
        -2.2414507424622254,
        -2.2414507424622254,
        -2.2414507424622254
      ],
      [
        -1.8871559907851383,
        -1.8871559907851383,
        -1.8871559907851383
      ],
      [
        -2.1538554619016783,
        -2.1538554619016783,
        -2.1538554619016783
      ],
      [
        -2.2228363689320063,
        -2.2228363689320063,
        -2.2228363689320063
      ],
      [
        -1.9162864426820612,
        -1.9162864426820612,
        -1.9162864426820612
      ],
      [
        -1.928858805230539,
        -1.928858805230539,
        -1.928858805230539
      ],
      [
        -1.539807026214794,
        -1.539807026214794,
        -1.539807026214794
      ],
      [
        -1.3041846809865474,
        -1.3041846809865474,
        -1.3041846809865474
      ],
      [
        -1.2134738253792932,
        -1.2134738253792932,
        -1.2134738253792932
      ],
      [
        -1.1833999747223873,
        -1.1833999747223873,
        -1.1833999747223873
      ],
      [
        -1.1736211089050335,
        -1.1736211089050335,
        -1.1736211089050335
      ]
    ],
    "belief_confidence": [
      0.4,
      0.4601769911504424,
      0.5681559152040117,
      0.6033882885803736,
      0.6283523449222943,
      0.39793476806173195,
      0.49633483621979263,
      0.5170371063603728,
      0.5317136001198194,
      0.4628859392952812,
      0.5470913112497376,
      0.7904653243657903,
      0.9014695837884602,
      0.9417624918701704,
      0.9553607411748671
    ],
    "cumulative_preference": [
      1.0,
      1.0,
      0.0,
      1.0,
      0.0,
      3.0,
      0.0,
      0.0,
      3.0,
      1.0,
      3.0,
      3.0,
      3.0,
      3.0,
      3.0
    ]
  },
  "validation": {
    "all_beliefs_valid": true,
    "beliefs_sum_to_one": true,
    "actions_in_range": true
  }
}