{
  "success": true,
  "framework": "PyMDP",
  "model_name": "Multi Armed Bandit Agent",
  "num_timesteps": 15,
  "simulation_trace": {
    "observations": [
      2,
      0,
      2,
      2,
      1,
      2,
      1,
      2,
      1,
      2,
      2,
      2,
      1,
      2,
      2
    ],
    "true_states": [
      1,
      1,
      0,
      0,
      0,
      0,
      0,
      0,
      0,
      0,
      0,
      0,
      0,
      0,
      0
    ],
    "beliefs": [
      [
        0.6666666666666665,
        0.11111111111111117,
        0.22222222222222224
      ],
      [
        0.24342105263157895,
        0.2850877192982457,
        0.47149122807017535
      ],
      [
        0.5635372404393488,
        0.106870841016596,
        0.3295919185440551
      ],
      [
        0.7984631674481922,
        0.03542983915696073,
        0.16610699339484716
      ],
      [
        0.7097399996935562,
        0.10404202938426743,
        0.1862179709221765
      ],
      [
        0.8759673894978655,
        0.03093756793788772,
        0.0930950425642469
      ],
      [
        0.774865656772229,
        0.09920620072142344,
        0.12592814250634754
      ],
      [
        0.9045995065633382,
        0.028578519483013112,
        0.06682197395364871
      ],
      [
        0.7991202358984434,
        0.09666192776206663,
        0.10421783633949001
      ],
      [
        0.9144522213689822,
        0.027621084165070003,
        0.05792669446594777
      ],
      [
        0.948057490117144,
        0.014034128785539939,
        0.037908381097316056
      ],
      [
        0.9577777350373009,
        0.011550759473213828,
        0.030671505489485284
      ],
      [
        0.8472180701697407,
        0.07819830160715117,
        0.07458362822310809
      ],
      [
        0.9308509902069626,
        0.023462297820696486,
        0.0456867119723409
      ],
      [
        0.9532365094738863,
        0.013209368867463782,
        0.033554121658649974
      ]
    ],
    "actions": [
      0,
      0,
      0,
      0,
      0,
      0,
      0,
      0,
      0,
      0,
      0,
      0,
      0,
      0,
      0
    ],
    "efe_history": [
      [
        -1.420512259098088,
        -1.420512259098088,
        -1.420512259098088
      ],
      [
        -1.9035069580992223,
        -1.9035069580992223,
        -1.9035069580992223
      ],
      [
        -1.5219763176327616,
        -1.5219763176327616,
        -1.5219763176327616
      ],
      [
        -1.297207651773433,
        -1.297207651773433,
        -1.297207651773433
      ],
      [
        -1.379785214675697,
        -1.379785214675697,
        -1.379785214675697
      ],
      [
        -1.2338405498775602,
        -1.2338405498775602,
        -1.2338405498775602
      ],
      [
        -1.3212798563461556,
        -1.3212798563461556,
        -1.3212798563461556
      ],
      [
        -1.211690462195421,
        -1.211690462195421,
        -1.211690462195421
      ],
      [
        -1.3002923653063072,
        -1.3002923653063072,
        -1.3002923653063072
      ],
      [
        -1.2042305109051645,
        -1.2042305109051645,
        -1.2042305109051645
      ],
      [
        -1.1789543368485589,
        -1.1789543368485589,
        -1.1789543368485589
      ],
      [
        -1.1719212651390023,
        -1.1719212651390023,
        -1.1719212651390023
      ],
      [
        -1.2593237168974518,
        -1.2593237168974518,
        -1.2593237168974518
      ],
      [
        -1.1918827241765482,
        -1.1918827241765482,
        -1.1918827241765482
      ],
      [
        -1.17521974446417,
        -1.17521974446417,
        -1.17521974446417
      ]
    ],
    "belief_confidence": [
      0.6666666666666665,
      0.47149122807017535,
      0.5635372404393488,
      0.7984631674481922,
      0.7097399996935562,
      0.8759673894978655,
      0.774865656772229,
      0.9045995065633382,
      0.7991202358984434,
      0.9144522213689822,
      0.948057490117144,
      0.9577777350373009,
      0.8472180701697407,
      0.9308509902069626,
      0.9532365094738863
    ]
  },
  "observations": [
    2,
    0,
    2,
    2,
    1,
    2,
    1,
    2,
    1,
    2,
    2,
    2,
    1,
    2,
    2
  ],
  "true_states": [
    1,
    1,
    0,
    0,
    0,
    0,
    0,
    0,
    0,
    0,
    0,
    0,
    0,
    0,
    0
  ],
  "beliefs": [
    [
      0.6666666666666665,
      0.11111111111111117,
      0.22222222222222224
    ],
    [
      0.24342105263157895,
      0.2850877192982457,
      0.47149122807017535
    ],
    [
      0.5635372404393488,
      0.106870841016596,
      0.3295919185440551
    ],
    [
      0.7984631674481922,
      0.03542983915696073,
      0.16610699339484716
    ],
    [
      0.7097399996935562,
      0.10404202938426743,
      0.1862179709221765
    ],
    [
      0.8759673894978655,
      0.03093756793788772,
      0.0930950425642469
    ],
    [
      0.774865656772229,
      0.09920620072142344,
      0.12592814250634754
    ],
    [
      0.9045995065633382,
      0.028578519483013112,
      0.06682197395364871
    ],
    [
      0.7991202358984434,
      0.09666192776206663,
      0.10421783633949001
    ],
    [
      0.9144522213689822,
      0.027621084165070003,
      0.05792669446594777
    ],
    [
      0.948057490117144,
      0.014034128785539939,
      0.037908381097316056
    ],
    [
      0.9577777350373009,
      0.011550759473213828,
      0.030671505489485284
    ],
    [
      0.8472180701697407,
      0.07819830160715117,
      0.07458362822310809
    ],
    [
      0.9308509902069626,
      0.023462297820696486,
      0.0456867119723409
    ],
    [
      0.9532365094738863,
      0.013209368867463782,
      0.033554121658649974
    ]
  ],
  "actions": [
    0,
    0,
    0,
    0,
    0,
    0,
    0,
    0,
    0,
    0,
    0,
    0,
    0,
    0,
    0
  ],
  "model_parameters": {
    "A_shape": [
      3,
      3
    ],
    "B_shape": [
      3,
      3,
      3
    ],
    "C_shape": [
      3
    ],
    "D_shape": [
      3
    ],
    "num_states": 3,
    "num_observations": 3,
    "num_actions": 3
  },
  "metrics": {
    "expected_free_energy": [
      [
        -1.420512259098088,
        -1.420512259098088,
        -1.420512259098088
      ],
      [
        -1.9035069580992223,
        -1.9035069580992223,
        -1.9035069580992223
      ],
      [
        -1.5219763176327616,
        -1.5219763176327616,
        -1.5219763176327616
      ],
      [
        -1.297207651773433,
        -1.297207651773433,
        -1.297207651773433
      ],
      [
        -1.379785214675697,
        -1.379785214675697,
        -1.379785214675697
      ],
      [
        -1.2338405498775602,
        -1.2338405498775602,
        -1.2338405498775602
      ],
      [
        -1.3212798563461556,
        -1.3212798563461556,
        -1.3212798563461556
      ],
      [
        -1.211690462195421,
        -1.211690462195421,
        -1.211690462195421
      ],
      [
        -1.3002923653063072,
        -1.3002923653063072,
        -1.3002923653063072
      ],
      [
        -1.2042305109051645,
        -1.2042305109051645,
        -1.2042305109051645
      ],
      [
        -1.1789543368485589,
        -1.1789543368485589,
        -1.1789543368485589
      ],
      [
        -1.1719212651390023,
        -1.1719212651390023,
        -1.1719212651390023
      ],
      [
        -1.2593237168974518,
        -1.2593237168974518,
        -1.2593237168974518
      ],
      [
        -1.1918827241765482,
        -1.1918827241765482,
        -1.1918827241765482
      ],
      [
        -1.17521974446417,
        -1.17521974446417,
        -1.17521974446417
      ]
    ],
    "belief_confidence": [
      0.6666666666666665,
      0.47149122807017535,
      0.5635372404393488,
      0.7984631674481922,
      0.7097399996935562,
      0.8759673894978655,
      0.774865656772229,
      0.9045995065633382,
      0.7991202358984434,
      0.9144522213689822,
      0.948057490117144,
      0.9577777350373009,
      0.8472180701697407,
      0.9308509902069626,
      0.9532365094738863
    ],
    "cumulative_preference": [
      3.0,
      0.0,
      3.0,
      3.0,
      1.0,
      3.0,
      1.0,
      3.0,
      1.0,
      3.0,
      3.0,
      3.0,
      1.0,
      3.0,
      3.0
    ]
  },
  "validation": {
    "all_beliefs_valid": true,
    "beliefs_sum_to_one": true,
    "actions_in_range": true
  }
}