{
  "success": true,
  "framework": "PyMDP",
  "model_name": "Multi Armed Bandit Agent",
  "num_timesteps": 15,
  "simulation_trace": {
    "observations": [
      0,
      0,
      0,
      1,
      1,
      1,
      2,
      2,
      1,
      0,
      0,
      2,
      2,
      1,
      2
    ],
    "true_states": [
      1,
      1,
      1,
      1,
      0,
      0,
      0,
      0,
      0,
      0,
      0,
      0,
      0,
      0,
      0
    ],
    "beliefs": [
      [
        0.09090909090909097,
        0.45454545454545453,
        0.45454545454545453
      ],
      [
        0.02834008097165998,
        0.48582995951416996,
        0.48582995951416996
      ],
      [
        0.015751420210018983,
        0.49212428989499046,
        0.49212428989499046
      ],
      [
        0.054829689457256046,
        0.5400973203101395,
        0.40507299023260457
      ],
      [
        0.08259016131972247,
        0.5803029025604987,
        0.33710693611977893
      ],
      [
        0.10177214461715473,
        0.6132859067781361,
        0.2849419486047091
      ],
      [
        0.4147589775088332,
        0.28930150642161034,
        0.2959395160695564
      ],
      [
        0.7287480178636575,
        0.08928237639867835,
        0.18196960573766424
      ],
      [
        0.6424754014831259,
        0.16109334510922854,
        0.19643125340764567
      ],
      [
        0.22790480996046308,
        0.3573377292251844,
        0.4147574608143524
      ],
      [
        0.06054946627551488,
        0.43941143296445356,
        0.5000391007600317
      ],
      [
        0.3071085360982909,
        0.2136331993784037,
        0.47925826452330544
      ],
      [
        0.6194866315553029,
        0.07687369554397988,
        0.3036396729007172
      ],
      [
        0.5552169085943262,
        0.14809625071288546,
        0.2966868406927884
      ],
      [
        0.8005423750554531,
        0.044961222414176126,
        0.15449640253037067
      ]
    ],
    "actions": [
      0,
      0,
      0,
      0,
      0,
      0,
      0,
      0,
      0,
      0,
      0,
      0,
      0,
      0,
      0
    ],
    "efe_history": [
      [
        -2.126858797151228,
        -2.126858797151228,
        -2.126858797151228
      ],
      [
        -2.2204445210343056,
        -2.2204445210343056,
        -2.2204445210343056
      ],
      [
        -2.239759028768056,
        -2.239759028768056,
        -2.239759028768056
      ],
      [
        -2.190321519257322,
        -2.190321519257322,
        -2.190321519257322
      ],
      [
        -2.156643828122098,
        -2.156643828122098,
        -2.156643828122098
      ],
      [
        -2.1343809261208753,
        -2.1343809261208753,
        -2.1343809261208753
      ],
      [
        -1.6985314409904462,
        -1.6985314409904462,
        -1.6985314409904462
      ],
      [
        -1.3615061346809951,
        -1.3615061346809951,
        -1.3615061346809951
      ],
      [
        -1.447322672597452,
        -1.447322672597452,
        -1.447322672597452
      ],
      [
        -1.931493031281364,
        -1.931493031281364,
        -1.931493031281364
      ],
      [
        -2.167412607482186,
        -2.167412607482186,
        -2.167412607482186
      ],
      [
        -1.81732292864584,
        -1.81732292864584,
        -1.81732292864584
      ],
      [
        -1.463677581074876,
        -1.463677581074876,
        -1.463677581074876
      ],
      [
        -1.5337292972371606,
        -1.5337292972371606,
        -1.5337292972371606
      ],
      [
        -1.2960067115246714,
        -1.2960067115246714,
        -1.2960067115246714
      ]
    ],
    "belief_confidence": [
      0.45454545454545453,
      0.48582995951416996,
      0.49212428989499046,
      0.5400973203101395,
      0.5803029025604987,
      0.6132859067781361,
      0.4147589775088332,
      0.7287480178636575,
      0.6424754014831259,
      0.4147574608143524,
      0.5000391007600317,
      0.47925826452330544,
      0.6194866315553029,
      0.5552169085943262,
      0.8005423750554531
    ]
  },
  "observations": [
    0,
    0,
    0,
    1,
    1,
    1,
    2,
    2,
    1,
    0,
    0,
    2,
    2,
    1,
    2
  ],
  "true_states": [
    1,
    1,
    1,
    1,
    0,
    0,
    0,
    0,
    0,
    0,
    0,
    0,
    0,
    0,
    0
  ],
  "beliefs": [
    [
      0.09090909090909097,
      0.45454545454545453,
      0.45454545454545453
    ],
    [
      0.02834008097165998,
      0.48582995951416996,
      0.48582995951416996
    ],
    [
      0.015751420210018983,
      0.49212428989499046,
      0.49212428989499046
    ],
    [
      0.054829689457256046,
      0.5400973203101395,
      0.40507299023260457
    ],
    [
      0.08259016131972247,
      0.5803029025604987,
      0.33710693611977893
    ],
    [
      0.10177214461715473,
      0.6132859067781361,
      0.2849419486047091
    ],
    [
      0.4147589775088332,
      0.28930150642161034,
      0.2959395160695564
    ],
    [
      0.7287480178636575,
      0.08928237639867835,
      0.18196960573766424
    ],
    [
      0.6424754014831259,
      0.16109334510922854,
      0.19643125340764567
    ],
    [
      0.22790480996046308,
      0.3573377292251844,
      0.4147574608143524
    ],
    [
      0.06054946627551488,
      0.43941143296445356,
      0.5000391007600317
    ],
    [
      0.3071085360982909,
      0.2136331993784037,
      0.47925826452330544
    ],
    [
      0.6194866315553029,
      0.07687369554397988,
      0.3036396729007172
    ],
    [
      0.5552169085943262,
      0.14809625071288546,
      0.2966868406927884
    ],
    [
      0.8005423750554531,
      0.044961222414176126,
      0.15449640253037067
    ]
  ],
  "actions": [
    0,
    0,
    0,
    0,
    0,
    0,
    0,
    0,
    0,
    0,
    0,
    0,
    0,
    0,
    0
  ],
  "model_parameters": {
    "A_shape": [
      3,
      3
    ],
    "B_shape": [
      3,
      3,
      3
    ],
    "C_shape": [
      3
    ],
    "D_shape": [
      3
    ],
    "num_states": 3,
    "num_observations": 3,
    "num_actions": 3
  },
  "metrics": {
    "expected_free_energy": [
      [
        -2.126858797151228,
        -2.126858797151228,
        -2.126858797151228
      ],
      [
        -2.2204445210343056,
        -2.2204445210343056,
        -2.2204445210343056
      ],
      [
        -2.239759028768056,
        -2.239759028768056,
        -2.239759028768056
      ],
      [
        -2.190321519257322,
        -2.190321519257322,
        -2.190321519257322
      ],
      [
        -2.156643828122098,
        -2.156643828122098,
        -2.156643828122098
      ],
      [
        -2.1343809261208753,
        -2.1343809261208753,
        -2.1343809261208753
      ],
      [
        -1.6985314409904462,
        -1.6985314409904462,
        -1.6985314409904462
      ],
      [
        -1.3615061346809951,
        -1.3615061346809951,
        -1.3615061346809951
      ],
      [
        -1.447322672597452,
        -1.447322672597452,
        -1.447322672597452
      ],
      [
        -1.931493031281364,
        -1.931493031281364,
        -1.931493031281364
      ],
      [
        -2.167412607482186,
        -2.167412607482186,
        -2.167412607482186
      ],
      [
        -1.81732292864584,
        -1.81732292864584,
        -1.81732292864584
      ],
      [
        -1.463677581074876,
        -1.463677581074876,
        -1.463677581074876
      ],
      [
        -1.5337292972371606,
        -1.5337292972371606,
        -1.5337292972371606
      ],
      [
        -1.2960067115246714,
        -1.2960067115246714,
        -1.2960067115246714
      ]
    ],
    "belief_confidence": [
      0.45454545454545453,
      0.48582995951416996,
      0.49212428989499046,
      0.5400973203101395,
      0.5803029025604987,
      0.6132859067781361,
      0.4147589775088332,
      0.7287480178636575,
      0.6424754014831259,
      0.4147574608143524,
      0.5000391007600317,
      0.47925826452330544,
      0.6194866315553029,
      0.5552169085943262,
      0.8005423750554531
    ],
    "cumulative_preference": [
      0.0,
      0.0,
      0.0,
      1.0,
      1.0,
      1.0,
      3.0,
      3.0,
      1.0,
      0.0,
      0.0,
      3.0,
      3.0,
      1.0,
      3.0
    ]
  },
  "validation": {
    "all_beliefs_valid": true,
    "beliefs_sum_to_one": true,
    "actions_in_range": true
  }
}