{
  "success": true,
  "framework": "PyMDP",
  "model_name": "Multi Armed Bandit Agent",
  "num_timesteps": 15,
  "simulation_trace": {
    "observations": [
      1,
      0,
      0,
      0,
      0,
      0,
      2,
      1,
      0,
      0,
      0,
      0,
      0,
      0,
      0
    ],
    "true_states": [
      2,
      2,
      2,
      2,
      2,
      2,
      0,
      1,
      1,
      1,
      1,
      1,
      1,
      1,
      1
    ],
    "beliefs": [
      [
        0.30000000000000004,
        0.4,
        0.30000000000000004
      ],
      [
        0.08068783068783078,
        0.5158730158730157,
        0.40343915343915343
      ],
      [
        0.02620272403109845,
        0.5396913544163207,
        0.4341059215525809
      ],
      [
        0.015341474173760793,
        0.5399567934055964,
        0.44470173242064265
      ],
      [
        0.013277672896987894,
        0.5359946658907309,
        0.4507276612122813
      ],
      [
        0.01288914387622843,
        0.5316622368252594,
        0.45544861929851227
      ],
      [
        0.20996182025570784,
        0.2881393683752358,
        0.5018988113690563
      ],
      [
        0.20801808886137266,
        0.3580282382341957,
        0.43395367290443165
      ],
      [
        0.05541897574206991,
        0.4328690956963817,
        0.5117119285615485
      ],
      [
        0.021057039996361947,
        0.4531409416695071,
        0.525802018334131
      ],
      [
        0.01435969818956102,
        0.460165428399999,
        0.52547487341044
      ],
      [
        0.01309270168606241,
        0.4642435039901645,
        0.5226637943237731
      ],
      [
        0.012854377381198816,
        0.4674675619378824,
        0.5196780606809187
      ],
      [
        0.012809596393101575,
        0.4702687876298114,
        0.5169216159770871
      ],
      [
        0.012801183776193353,
        0.47275669663441167,
        0.514442119589395
      ]
    ],
    "actions": [
      0,
      0,
      0,
      0,
      0,
      0,
      0,
      0,
      0,
      0,
      0,
      0,
      0,
      0,
      0
    ],
    "efe_history": [
      [
        -1.84597940572726,
        -1.84597940572726,
        -1.84597940572726
      ],
      [
        -2.149915318583289,
        -2.149915318583289,
        -2.149915318583289
      ],
      [
        -2.231773508926197,
        -2.231773508926197,
        -2.231773508926197
      ],
      [
        -2.24775572914678,
        -2.24775572914678,
        -2.24775572914678
      ],
      [
        -2.250177471302023,
        -2.250177471302023,
        -2.250177471302023
      ],
      [
        -2.2500737303694645,
        -2.2500737303694645,
        -2.2500737303694645
      ],
      [
        -1.9463813487599582,
        -1.9463813487599582,
        -1.9463813487599582
      ],
      [
        -1.9571313324225947,
        -1.9571313324225947,
        -1.9571313324225947
      ],
      [
        -2.173757423957496,
        -2.173757423957496,
        -2.173757423957496
      ],
      [
        -2.2261133909552457,
        -2.2261133909552457,
        -2.2261133909552457
      ],
      [
        -2.2369294361752248,
        -2.2369294361752248,
        -2.2369294361752248
      ],
      [
        -2.239399199331188,
        -2.239399199331188,
        -2.239399199331188
      ],
      [
        -2.240237615060551,
        -2.240237615060551,
        -2.240237615060551
      ],
      [
        -2.240729311603828,
        -2.240729311603828,
        -2.240729311603828
      ],
      [
        -2.241120541988664,
        -2.241120541988664,
        -2.241120541988664
      ]
    ],
    "belief_confidence": [
      0.4,
      0.5158730158730157,
      0.5396913544163207,
      0.5399567934055964,
      0.5359946658907309,
      0.5316622368252594,
      0.5018988113690563,
      0.43395367290443165,
      0.5117119285615485,
      0.525802018334131,
      0.52547487341044,
      0.5226637943237731,
      0.5196780606809187,
      0.5169216159770871,
      0.514442119589395
    ]
  },
  "observations": [
    1,
    0,
    0,
    0,
    0,
    0,
    2,
    1,
    0,
    0,
    0,
    0,
    0,
    0,
    0
  ],
  "true_states": [
    2,
    2,
    2,
    2,
    2,
    2,
    0,
    1,
    1,
    1,
    1,
    1,
    1,
    1,
    1
  ],
  "beliefs": [
    [
      0.30000000000000004,
      0.4,
      0.30000000000000004
    ],
    [
      0.08068783068783078,
      0.5158730158730157,
      0.40343915343915343
    ],
    [
      0.02620272403109845,
      0.5396913544163207,
      0.4341059215525809
    ],
    [
      0.015341474173760793,
      0.5399567934055964,
      0.44470173242064265
    ],
    [
      0.013277672896987894,
      0.5359946658907309,
      0.4507276612122813
    ],
    [
      0.01288914387622843,
      0.5316622368252594,
      0.45544861929851227
    ],
    [
      0.20996182025570784,
      0.2881393683752358,
      0.5018988113690563
    ],
    [
      0.20801808886137266,
      0.3580282382341957,
      0.43395367290443165
    ],
    [
      0.05541897574206991,
      0.4328690956963817,
      0.5117119285615485
    ],
    [
      0.021057039996361947,
      0.4531409416695071,
      0.525802018334131
    ],
    [
      0.01435969818956102,
      0.460165428399999,
      0.52547487341044
    ],
    [
      0.01309270168606241,
      0.4642435039901645,
      0.5226637943237731
    ],
    [
      0.012854377381198816,
      0.4674675619378824,
      0.5196780606809187
    ],
    [
      0.012809596393101575,
      0.4702687876298114,
      0.5169216159770871
    ],
    [
      0.012801183776193353,
      0.47275669663441167,
      0.514442119589395
    ]
  ],
  "actions": [
    0,
    0,
    0,
    0,
    0,
    0,
    0,
    0,
    0,
    0,
    0,
    0,
    0,
    0,
    0
  ],
  "model_parameters": {
    "A_shape": [
      3,
      3
    ],
    "B_shape": [
      3,
      3,
      3
    ],
    "C_shape": [
      3
    ],
    "D_shape": [
      3
    ],
    "num_states": 3,
    "num_observations": 3,
    "num_actions": 3
  },
  "metrics": {
    "expected_free_energy": [
      [
        -1.84597940572726,
        -1.84597940572726,
        -1.84597940572726
      ],
      [
        -2.149915318583289,
        -2.149915318583289,
        -2.149915318583289
      ],
      [
        -2.231773508926197,
        -2.231773508926197,
        -2.231773508926197
      ],
      [
        -2.24775572914678,
        -2.24775572914678,
        -2.24775572914678
      ],
      [
        -2.250177471302023,
        -2.250177471302023,
        -2.250177471302023
      ],
      [
        -2.2500737303694645,
        -2.2500737303694645,
        -2.2500737303694645
      ],
      [
        -1.9463813487599582,
        -1.9463813487599582,
        -1.9463813487599582
      ],
      [
        -1.9571313324225947,
        -1.9571313324225947,
        -1.9571313324225947
      ],
      [
        -2.173757423957496,
        -2.173757423957496,
        -2.173757423957496
      ],
      [
        -2.2261133909552457,
        -2.2261133909552457,
        -2.2261133909552457
      ],
      [
        -2.2369294361752248,
        -2.2369294361752248,
        -2.2369294361752248
      ],
      [
        -2.239399199331188,
        -2.239399199331188,
        -2.239399199331188
      ],
      [
        -2.240237615060551,
        -2.240237615060551,
        -2.240237615060551
      ],
      [
        -2.240729311603828,
        -2.240729311603828,
        -2.240729311603828
      ],
      [
        -2.241120541988664,
        -2.241120541988664,
        -2.241120541988664
      ]
    ],
    "belief_confidence": [
      0.4,
      0.5158730158730157,
      0.5396913544163207,
      0.5399567934055964,
      0.5359946658907309,
      0.5316622368252594,
      0.5018988113690563,
      0.43395367290443165,
      0.5117119285615485,
      0.525802018334131,
      0.52547487341044,
      0.5226637943237731,
      0.5196780606809187,
      0.5169216159770871,
      0.514442119589395
    ],
    "cumulative_preference": [
      1.0,
      0.0,
      0.0,
      0.0,
      0.0,
      0.0,
      3.0,
      1.0,
      0.0,
      0.0,
      0.0,
      0.0,
      0.0,
      0.0,
      0.0
    ]
  },
  "validation": {
    "all_beliefs_valid": true,
    "beliefs_sum_to_one": true,
    "actions_in_range": true
  }
}