{
  "success": true,
  "framework": "PyMDP",
  "model_name": "Multi Armed Bandit Agent",
  "num_timesteps": 15,
  "simulation_trace": {
    "observations": [
      1,
      2,
      2,
      2,
      0,
      2,
      1,
      1,
      0,
      1,
      1,
      1,
      2,
      2,
      2
    ],
    "true_states": [
      0,
      0,
      0,
      0,
      0,
      0,
      2,
      2,
      2,
      2,
      2,
      0,
      0,
      0,
      0
    ],
    "beliefs": [
      [
        0.30000000000000004,
        0.4,
        0.30000000000000004
      ],
      [
        0.646643109540636,
        0.137809187279152,
        0.21554770318021205
      ],
      [
        0.8502713987473902,
        0.03949895615866397,
        0.11022964509394582
      ],
      [
        0.9259159815219383,
        0.016690292346947348,
        0.057393726131114285
      ],
      [
        0.506710968640518,
        0.19428326650986041,
        0.29900576484962155
      ],
      [
        0.7779065749029851,
        0.0580257677701853,
        0.1640676573268296
      ],
      [
        0.6884285766539742,
        0.1281853330835856,
        0.18338609026244015
      ],
      [
        0.6032030663562001,
        0.2012784679178614,
        0.19551846572593845
      ],
      [
        0.2046926800027075,
        0.40210601241554,
        0.39320130758175253
      ],
      [
        0.19811554138215967,
        0.46204523013873294,
        0.33983922847910747
      ],
      [
        0.19031205561330672,
        0.5144026508100967,
        0.29528529357659655
      ],
      [
        0.1821771175297746,
        0.5588854662942548,
        0.25893741617597055
      ],
      [
        0.5357088232959961,
        0.22884596883073538,
        0.23544520787326845
      ],
      [
        0.8028071391146687,
        0.06474083533688224,
        0.13245202554844912
      ],
      [
        0.9108307897395277,
        0.021770005803869293,
        0.0673992044566031
      ]
    ],
    "actions": [
      0,
      0,
      0,
      0,
      0,
      0,
      0,
      0,
      0,
      0,
      0,
      0,
      0,
      0,
      0
    ],
    "efe_history": [
      [
        -1.84597940572726,
        -1.84597940572726,
        -1.84597940572726
      ],
      [
        -1.44159389403504,
        -1.44159389403504,
        -1.44159389403504
      ],
      [
        -1.254684332165867,
        -1.254684332165867,
        -1.254684332165867
      ],
      [
        -1.195166882379214,
        -1.195166882379214,
        -1.195166882379214
      ],
      [
        -1.5884394017520531,
        -1.5884394017520531,
        -1.5884394017520531
      ],
      [
        -1.3161214333221225,
        -1.3161214333221225,
        -1.3161214333221225
      ],
      [
        -1.4011732227507578,
        -1.4011732227507578,
        -1.4011732227507578
      ],
      [
        -1.4890969183535971,
        -1.4890969183535971,
        -1.4890969183535971
      ],
      [
        -1.9667810241868087,
        -1.9667810241868087,
        -1.9667810241868087
      ],
      [
        -1.9828216643689707,
        -1.9828216643689707,
        -1.9828216643689707
      ],
      [
        -1.999809489767978,
        -1.999809489767978,
        -1.999809489767978
      ],
      [
        -2.0164779498364522,
        -2.0164779498364522,
        -2.0164779498364522
      ],
      [
        -1.5606116063462476,
        -1.5606116063462476,
        -1.5606116063462476
      ],
      [
        -1.29525826131581,
        -1.29525826131581,
        -1.29525826131581
      ],
      [
        -1.206642988387912,
        -1.206642988387912,
        -1.206642988387912
      ]
    ],
    "belief_confidence": [
      0.4,
      0.646643109540636,
      0.8502713987473902,
      0.9259159815219383,
      0.506710968640518,
      0.7779065749029851,
      0.6884285766539742,
      0.6032030663562001,
      0.40210601241554,
      0.46204523013873294,
      0.5144026508100967,
      0.5588854662942548,
      0.5357088232959961,
      0.8028071391146687,
      0.9108307897395277
    ]
  },
  "observations": [
    1,
    2,
    2,
    2,
    0,
    2,
    1,
    1,
    0,
    1,
    1,
    1,
    2,
    2,
    2
  ],
  "true_states": [
    0,
    0,
    0,
    0,
    0,
    0,
    2,
    2,
    2,
    2,
    2,
    0,
    0,
    0,
    0
  ],
  "beliefs": [
    [
      0.30000000000000004,
      0.4,
      0.30000000000000004
    ],
    [
      0.646643109540636,
      0.137809187279152,
      0.21554770318021205
    ],
    [
      0.8502713987473902,
      0.03949895615866397,
      0.11022964509394582
    ],
    [
      0.9259159815219383,
      0.016690292346947348,
      0.057393726131114285
    ],
    [
      0.506710968640518,
      0.19428326650986041,
      0.29900576484962155
    ],
    [
      0.7779065749029851,
      0.0580257677701853,
      0.1640676573268296
    ],
    [
      0.6884285766539742,
      0.1281853330835856,
      0.18338609026244015
    ],
    [
      0.6032030663562001,
      0.2012784679178614,
      0.19551846572593845
    ],
    [
      0.2046926800027075,
      0.40210601241554,
      0.39320130758175253
    ],
    [
      0.19811554138215967,
      0.46204523013873294,
      0.33983922847910747
    ],
    [
      0.19031205561330672,
      0.5144026508100967,
      0.29528529357659655
    ],
    [
      0.1821771175297746,
      0.5588854662942548,
      0.25893741617597055
    ],
    [
      0.5357088232959961,
      0.22884596883073538,
      0.23544520787326845
    ],
    [
      0.8028071391146687,
      0.06474083533688224,
      0.13245202554844912
    ],
    [
      0.9108307897395277,
      0.021770005803869293,
      0.0673992044566031
    ]
  ],
  "actions": [
    0,
    0,
    0,
    0,
    0,
    0,
    0,
    0,
    0,
    0,
    0,
    0,
    0,
    0,
    0
  ],
  "model_parameters": {
    "A_shape": [
      3,
      3
    ],
    "B_shape": [
      3,
      3,
      3
    ],
    "C_shape": [
      3
    ],
    "D_shape": [
      3
    ],
    "num_states": 3,
    "num_observations": 3,
    "num_actions": 3
  },
  "metrics": {
    "expected_free_energy": [
      [
        -1.84597940572726,
        -1.84597940572726,
        -1.84597940572726
      ],
      [
        -1.44159389403504,
        -1.44159389403504,
        -1.44159389403504
      ],
      [
        -1.254684332165867,
        -1.254684332165867,
        -1.254684332165867
      ],
      [
        -1.195166882379214,
        -1.195166882379214,
        -1.195166882379214
      ],
      [
        -1.5884394017520531,
        -1.5884394017520531,
        -1.5884394017520531
      ],
      [
        -1.3161214333221225,
        -1.3161214333221225,
        -1.3161214333221225
      ],
      [
        -1.4011732227507578,
        -1.4011732227507578,
        -1.4011732227507578
      ],
      [
        -1.4890969183535971,
        -1.4890969183535971,
        -1.4890969183535971
      ],
      [
        -1.9667810241868087,
        -1.9667810241868087,
        -1.9667810241868087
      ],
      [
        -1.9828216643689707,
        -1.9828216643689707,
        -1.9828216643689707
      ],
      [
        -1.999809489767978,
        -1.999809489767978,
        -1.999809489767978
      ],
      [
        -2.0164779498364522,
        -2.0164779498364522,
        -2.0164779498364522
      ],
      [
        -1.5606116063462476,
        -1.5606116063462476,
        -1.5606116063462476
      ],
      [
        -1.29525826131581,
        -1.29525826131581,
        -1.29525826131581
      ],
      [
        -1.206642988387912,
        -1.206642988387912,
        -1.206642988387912
      ]
    ],
    "belief_confidence": [
      0.4,
      0.646643109540636,
      0.8502713987473902,
      0.9259159815219383,
      0.506710968640518,
      0.7779065749029851,
      0.6884285766539742,
      0.6032030663562001,
      0.40210601241554,
      0.46204523013873294,
      0.5144026508100967,
      0.5588854662942548,
      0.5357088232959961,
      0.8028071391146687,
      0.9108307897395277
    ],
    "cumulative_preference": [
      1.0,
      3.0,
      3.0,
      3.0,
      0.0,
      3.0,
      1.0,
      1.0,
      0.0,
      1.0,
      1.0,
      1.0,
      3.0,
      3.0,
      3.0
    ]
  },
  "validation": {
    "all_beliefs_valid": true,
    "beliefs_sum_to_one": true,
    "actions_in_range": true
  }
}