{
  "model_name": "pytorch_pomdp",
  "framework": "pytorch",
  "num_timesteps": 30,
  "num_states": 3,
  "num_observations": 3,
  "num_actions": 3,
  "beliefs": [
    [
      0.8999999999999997,
      0.04999999999999999,
      0.04999999999999999
    ],
    [
      0.48648648648648596,
      0.027027027027027004,
      0.486486486486486
    ],
    [
      0.05247813411078715,
      0.0029154518950437317,
      0.9446064139941689
    ],
    [
      0.4992295839753461,
      0.0015408320493066245,
      0.4992295839753463
    ],
    [
      0.947214552541822,
      0.00016241676140977748,
      0.05262303069676791
    ],
    [
      0.9446064139941673,
      0.0029154518950437274,
      0.0524781341107871
    ],
    [
      0.8999999999999981,
      0.04999999999999992,
      0.04999999999999992
    ],
    [
      0.48648648648648585,
      0.48648648648648607,
      0.027027027027027008
    ],
    [
      0.9446064139941689,
      0.05247813411078719,
      0.0029154518950437335
    ],
    [
      0.9967526918475472,
      0.0030763971970603327,
      0.00017091095539224075
    ],
    [
      0.9998190390018571,
      0.00017143673508262307,
      9.524263060145728e-06
    ],
    [
      0.9969136095573621,
      0.003076893856658527,
      9.496585977341133e-06
    ],
    [
      0.9998280325923212,
      0.0001714382771934708,
      5.291304851650335e-07
    ],
    [
      0.9969225509535958,
      0.0030769214535604824,
      5.275928418313585e-07
    ],
    [
      0.9969136095573623,
      0.003076893856658527,
      9.496585977341133e-06
    ],
    [
      0.9998280325923212,
      0.00017143827719347078,
      5.291304851650332e-07
    ],
    [
      0.9969225509535958,
      0.003076921453560482,
      5.275928418313583e-07
    ],
    [
      0.9969136095573623,
      0.0030768938566585265,
      9.49658597734113e-06
    ],
    [
      0.9998280325923212,
      0.00017143827719347075,
      5.291304851650331e-07
    ],
    [
      0.9969225509535958,
      0.0030769214535604815,
      5.275928418313582e-07
    ],
    [
      0.9473679460729122,
      0.05263155255960624,
      5.013674798011568e-07
    ],
    [
      0.9969230477025356,
      0.0030769229867362215,
      2.931072804008746e-08
    ],
    [
      0.9473683946648553,
      0.052631577481380865,
      2.785376206698084e-08
    ],
    [
      0.9473679460729121,
      0.05263155255960624,
      5.013674798011566e-07
    ],
    [
      0.4999998676946609,
      0.499999867694661,
      2.64610676987894e-07
    ],
    [
      0.05263157748138093,
      0.9473683946648568,
      2.785376206698088e-08
    ],
    [
      0.0030769230719126955,
      0.9969230752997134,
      1.62837382508208e-09
    ],
    [
      0.0030769229867362155,
      0.9969230477025338,
      2.9310728040087405e-08
    ],
    [
      0.003076921453560481,
      0.9969225509535958,
      5.275928418313582e-07
    ],
    [
      0.05263155255960623,
      0.9473679460729121,
      5.013674798011568e-07
    ]
  ],
  "actions": [
    2,
    0,
    2,
    0,
    1,
    2,
    2,
    2,
    1,
    1,
    0,
    1,
    0,
    2,
    2,
    1,
    0,
    1,
    1,
    2,
    1,
    1,
    0,
    0,
    0,
    2,
    2,
    2,
    1,
    0
  ],
  "observations": [
    0,
    2,
    2,
    0,
    0,
    1,
    1,
    1,
    0,
    0,
    0,
    1,
    0,
    1,
    2,
    0,
    1,
    2,
    0,
    1,
    1,
    0,
    1,
    2,
    1,
    1,
    1,
    2,
    2,
    0
  ],
  "efe_history": [
    [
      1.1990840975349344,
      1.1990840975349342,
      0.5488340975349348
    ],
    [
      0.5684670426704433,
      0.5684670426704433,
      0.5684670426704435
    ],
    [
      0.6083824508573986,
      0.6083824508573987,
      1.2908605849681856
    ],
    [
      0.6026111439102566,
      0.6026111439102566,
      0.6026111439102567
    ],
    [
      1.2970595995718268,
      1.2970595995718268,
      0.6126970853603608
    ],
    [
      1.290860584968182,
      1.2908605849681818,
      0.6083824508573961
    ],
    [
      1.1990840975349306,
      1.1990840975349306,
      0.5488340975349324
    ],
    [
      0.9199535291569294,
      0.9199535291569294,
      0.5684670426704435
    ],
    [
      1.3287760368632293,
      1.3287760368632293,
      0.6083824508573987
    ],
    [
      1.4420226530484364,
      1.4420226530484364,
      0.6796375906659378
    ],
    [
      1.449608125547723,
      1.4496081255477233,
      0.6847538467725436
    ],
    [
      1.4425408818654497,
      1.4425408818654497,
      0.6799092354423403
    ],
    [
      1.4496371004973703,
      1.44963710049737,
      0.6847690603490657
    ],
    [
      1.4425696889027786,
      1.442569688902779,
      0.6799243410318021
    ],
    [
      1.4425408818654502,
      1.4425408818654502,
      0.6799092354423406
    ],
    [
      1.4496371004973703,
      1.44963710049737,
      0.6847690603490657
    ],
    [
      1.4425696889027786,
      1.442569688902779,
      0.6799243410318021
    ],
    [
      1.4425408818654502,
      1.4425408818654502,
      0.6799092354423406
    ],
    [
      1.4496371004973703,
      1.44963710049737,
      0.6847690603490657
    ],
    [
      1.4425696889027786,
      1.442569688902779,
      0.6799243410318021
    ],
    [
      1.3376904750001826,
      1.3376904750001826,
      0.6129543798005269
    ],
    [
      1.4425712893448654,
      1.4425712893448654,
      0.6799251802751332
    ],
    [
      1.3376919334411324,
      1.3376919334411324,
      0.6129551328306462
    ],
    [
      1.3376904750001826,
      1.3376904750001823,
      0.6129543798005268
    ],
    [
      0.9874516913269409,
      0.9874516913269409,
      0.6049519949676934
    ],
    [
      1.3376919334411355,
      1.3376919334411357,
      1.297428797976007
    ],
    [
      1.4425713782584726,
      1.442571378258473,
      1.4402175333541654
    ],
    [
      1.4425712893448615,
      1.4425712893448612,
      1.4402174656827151
    ],
    [
      1.442569688902779,
      1.4425696889027786,
      1.440216247599329
    ],
    [
      1.3376904750001823,
      1.3376904750001826,
      1.2974277208382055
    ]
  ],
  "validation": {
    "beliefs_in_range": true,
    "beliefs_sum_to_one": true,
    "actions_in_range": true,
    "all_valid": true
  },
  "execution_time_seconds": 0.0027,
  "torch_version": "2.11.0"
}