{
    "num_observations": 6,
    "time_steps": 15,
    "efe_per_action": [
        [
            1.4611328393284473
        ],
        [
            1.4607860074180838
        ],
        [
            1.4600515654985082
        ],
        [
            1.4668279716393833
        ],
        [
            1.4611387926227861
        ],
        [
            1.4587937596941953
        ],
        [
            1.491084425199198
        ],
        [
            1.4795387633347628
        ],
        [
            1.523572650604578
        ],
        [
            1.445427487082491
        ],
        [
            1.4727803271561
        ],
        [
            1.459841741311768
        ],
        [
            1.4570171166517214
        ],
        [
            1.479192780914653
        ],
        [
            1.4594243377077285
        ]
    ],
    "num_actions": 4,
    "efe_history": [
        1.4611328393284473,
        1.4607860074180838,
        1.4600515654985082,
        1.4668279716393833,
        1.4611387926227861,
        1.4587937596941953,
        1.491084425199198,
        1.4795387633347628,
        1.523572650604578,
        1.445427487082491,
        1.4727803271561,
        1.459841741311768,
        1.4570171166517214,
        1.479192780914653,
        1.4594243377077285
    ],
    "actions": [
        1,
        1,
        1,
        1,
        1,
        1,
        1,
        1,
        1,
        1,
        1,
        1,
        1,
        1,
        1
    ],
    "true_states": [
        3,
        3,
        3,
        2,
        2,
        1,
        1,
        1,
        1,
        3,
        3,
        3,
        3,
        2,
        3
    ],
    "framework": "rxinfer",
    "num_states": 4,
    "observations": [
        3,
        5,
        5,
        4,
        2,
        1,
        2,
        1,
        1,
        3,
        3,
        1,
        3,
        2,
        3
    ],
    "action_probabilities": [
        [
            1.0
        ],
        [
            1.0
        ],
        [
            1.0
        ],
        [
            1.0
        ],
        [
            1.0
        ],
        [
            1.0
        ],
        [
            1.0
        ],
        [
            1.0
        ],
        [
            1.0
        ],
        [
            1.0
        ],
        [
            1.0
        ],
        [
            1.0
        ],
        [
            1.0
        ],
        [
            1.0
        ],
        [
            1.0
        ]
    ],
    "validation": {
        "all_beliefs_valid": true,
        "actions_in_range": true,
        "beliefs_sum_to_one": true
    },
    "model_name": "Hidden Markov Model Baseline",
    "preferences": [
        0.0,
        0.0,
        0.0,
        0.0,
        0.0,
        0.0
    ],
    "beliefs": [
        [
            0.09999999999999999,
            0.09999999999999999,
            0.7,
            0.09999999999999999
        ],
        [
            0.05653710247349824,
            0.08127208480565372,
            0.6501766784452296,
            0.21201413427561838
        ],
        [
            0.04529158699808797,
            0.07229923518164438,
            0.6037284894837476,
            0.27868068833652015
        ],
        [
            0.05220556493073271,
            0.08364075193281269,
            0.1764059495310231,
            0.6877477336054315
        ],
        [
            0.06543427631694732,
            0.5853534770850485,
            0.12804390378399308,
            0.2211683428140112
        ],
        [
            0.5310761607711848,
            0.252792400392632,
            0.10140689594633204,
            0.11472454288985102
        ],
        [
            0.16284033644812473,
            0.712869113919737,
            0.06308145219521955,
            0.061209097436918804
        ],
        [
            0.6330223464553819,
            0.24427017437741633,
            0.06296772863803274,
            0.05973975052916905
        ],
        [
            0.8658925947312991,
            0.0651886236066426,
            0.035437503486286354,
            0.03348127817577203
        ],
        [
            0.35885953338995297,
            0.08263254110330998,
            0.4908871234264046,
            0.06762080208033248
        ],
        [
            0.10128237552064127,
            0.06381410664256909,
            0.7919223582382211,
            0.04298115959856863
        ],
        [
            0.5728272909606906,
            0.11069880257390678,
            0.2546345721264049,
            0.06183933433899778
        ],
        [
            0.18479592770838166,
            0.07991759850116863,
            0.6807594982816754,
            0.05452697550877434
        ],
        [
            0.09183926361584918,
            0.6585717832346433,
            0.1941644443131779,
            0.05542450883632981
        ],
        [
            0.07000053954357431,
            0.23222835155052934,
            0.6401326715863119,
            0.057638437319584325
        ]
    ]
}