{
  "metrics": {
    "expected_free_energy": [
      1.4611328393284475,
      1.4607860074180836,
      1.4600515654985085,
      1.4668279716393833,
      1.461138792622786,
      1.4587937596941953,
      1.4910844251991984,
      1.479538763334763,
      1.523572650604578,
      1.4454274870824908,
      1.4727803271561002,
      1.459841741311768,
      1.4570171166517214,
      1.479192780914653,
      1.4594243377077285,
      1.4448217576231106,
      1.479967100954199,
      1.4632499839149806,
      1.4752541498207874,
      1.488797762913777,
      1.4500807398888158,
      1.4533903825523176,
      1.452149745296704,
      1.4439341216115262,
      1.4553881605469396,
      1.4616760091539238,
      1.4524866726214516,
      1.4591306974219103,
      1.4857826742617648,
      1.4689503514240383,
      1.4581364163607056,
      1.4579719228779198,
      1.4755704253256878,
      1.5179001950708653,
      1.4421938506441399,
      1.493167697622063,
      1.5309473015057067,
      1.4361610731613448,
      1.4451730991457319,
      1.4753942141915308,
      1.4892349113433392,
      1.4920038656748773,
      1.4704338891434263,
      1.4878818923498416,
      1.4917634449464534,
      1.4508294240393342,
      1.4392511303974087,
      1.4782382421584273,
      1.4618283717827396,
      1.4752127468752882
    ],
    "policy_posterior": [
      [
        1.0
      ],
      [
        1.0
      ],
      [
        1.0
      ],
      [
        1.0
      ],
      [
        1.0
      ],
      [
        1.0
      ],
      [
        1.0
      ],
      [
        1.0
      ],
      [
        1.0
      ],
      [
        1.0
      ],
      [
        1.0
      ],
      [
        1.0
      ],
      [
        1.0
      ],
      [
        1.0
      ],
      [
        1.0
      ],
      [
        1.0
      ],
      [
        1.0
      ],
      [
        1.0
      ],
      [
        1.0
      ],
      [
        1.0
      ],
      [
        1.0
      ],
      [
        1.0
      ],
      [
        1.0
      ],
      [
        1.0
      ],
      [
        1.0
      ],
      [
        1.0
      ],
      [
        1.0
      ],
      [
        1.0
      ],
      [
        1.0
      ],
      [
        1.0
      ],
      [
        1.0
      ],
      [
        1.0
      ],
      [
        1.0
      ],
      [
        1.0
      ],
      [
        1.0
      ],
      [
        1.0
      ],
      [
        1.0
      ],
      [
        1.0
      ],
      [
        1.0
      ],
      [
        1.0
      ],
      [
        1.0
      ],
      [
        1.0
      ],
      [
        1.0
      ],
      [
        1.0
      ],
      [
        1.0
      ],
      [
        1.0
      ],
      [
        1.0
      ],
      [
        1.0
      ],
      [
        1.0
      ],
      [
        1.0
      ]
    ],
    "belief_confidence": [
      0.45999999999999996,
      0.4462897526501767,
      0.4297323135755258,
      0.4438738668027157,
      0.4640164766294284,
      0.4186456964627109,
      0.5340296135713641,
      0.4798134078732291,
      0.6195355568387794,
      0.35220564192123555,
      0.5002592950789674,
      0.4436963745764143,
      0.44583244669171507,
      0.5145595143721037,
      0.4258301795251144,
      0.3543084050704854,
      0.4967174518900196,
      0.45489276184780725,
      0.507136714953385,
      0.5228176050033103,
      0.37412025104593044,
      0.4176754542128028,
      0.4196791884726667,
      0.382004241658004,
      0.3739076242070615,
      0.4668292706050468,
      0.41308518584058684,
      0.3885768182062114,
      0.5082349758181955,
      0.4170477872249131,
      0.45288524934709207,
      0.41742822678371344,
      0.4305574458853999,
      0.6046517811075561,
      0.34128010997778385,
      0.5566397313110055,
      0.6387036710958721,
      0.323348628716659,
      0.3505586210828378,
      0.5046793419067056,
      0.5421552829650935,
      0.5489521656659173,
      0.4826153611469452,
      0.538118783262843,
      0.5482871323066406,
      0.39011846683656237,
      0.3539066581481302,
      0.49657343306988677,
      0.4499134112065984,
      0.5071537874612726
    ]
  },
  "efe_per_action": [
    [
      1.4611328393284475
    ],
    [
      1.4607860074180836
    ],
    [
      1.4600515654985085
    ],
    [
      1.4668279716393833
    ],
    [
      1.461138792622786
    ],
    [
      1.4587937596941953
    ],
    [
      1.4910844251991984
    ],
    [
      1.479538763334763
    ],
    [
      1.523572650604578
    ],
    [
      1.4454274870824908
    ],
    [
      1.4727803271561002
    ],
    [
      1.459841741311768
    ],
    [
      1.4570171166517214
    ],
    [
      1.479192780914653
    ],
    [
      1.4594243377077285
    ],
    [
      1.4448217576231106
    ],
    [
      1.479967100954199
    ],
    [
      1.4632499839149806
    ],
    [
      1.4752541498207874
    ],
    [
      1.488797762913777
    ],
    [
      1.4500807398888158
    ],
    [
      1.4533903825523176
    ],
    [
      1.452149745296704
    ],
    [
      1.4439341216115262
    ],
    [
      1.4553881605469396
    ],
    [
      1.4616760091539238
    ],
    [
      1.4524866726214516
    ],
    [
      1.4591306974219103
    ],
    [
      1.4857826742617648
    ],
    [
      1.4689503514240383
    ],
    [
      1.4581364163607056
    ],
    [
      1.4579719228779198
    ],
    [
      1.4755704253256878
    ],
    [
      1.5179001950708653
    ],
    [
      1.4421938506441399
    ],
    [
      1.493167697622063
    ],
    [
      1.5309473015057067
    ],
    [
      1.4361610731613448
    ],
    [
      1.4451730991457319
    ],
    [
      1.4753942141915308
    ],
    [
      1.4892349113433392
    ],
    [
      1.4920038656748773
    ],
    [
      1.4704338891434263
    ],
    [
      1.4878818923498416
    ],
    [
      1.4917634449464534
    ],
    [
      1.4508294240393342
    ],
    [
      1.4392511303974087
    ],
    [
      1.4782382421584273
    ],
    [
      1.4618283717827396
    ],
    [
      1.4752127468752882
    ]
  ],
  "runtime_metadata": {
    "random_seed": 42,
    "julia_version": "1.12.6",
    "rxinfer_version": "4.6.6",
    "schema_version": "rxinfer_simulation_v1",
    "generated_at": "2026-05-22T06:20:47.346"
  },
  "expected_free_energy": [
    1.4611328393284475,
    1.4607860074180836,
    1.4600515654985085,
    1.4668279716393833,
    1.461138792622786,
    1.4587937596941953,
    1.4910844251991984,
    1.479538763334763,
    1.523572650604578,
    1.4454274870824908,
    1.4727803271561002,
    1.459841741311768,
    1.4570171166517214,
    1.479192780914653,
    1.4594243377077285,
    1.4448217576231106,
    1.479967100954199,
    1.4632499839149806,
    1.4752541498207874,
    1.488797762913777,
    1.4500807398888158,
    1.4533903825523176,
    1.452149745296704,
    1.4439341216115262,
    1.4553881605469396,
    1.4616760091539238,
    1.4524866726214516,
    1.4591306974219103,
    1.4857826742617648,
    1.4689503514240383,
    1.4581364163607056,
    1.4579719228779198,
    1.4755704253256878,
    1.5179001950708653,
    1.4421938506441399,
    1.493167697622063,
    1.5309473015057067,
    1.4361610731613448,
    1.4451730991457319,
    1.4753942141915308,
    1.4892349113433392,
    1.4920038656748773,
    1.4704338891434263,
    1.4878818923498416,
    1.4917634449464534,
    1.4508294240393342,
    1.4392511303974087,
    1.4782382421584273,
    1.4618283717827396,
    1.4752127468752882
  ],
  "beliefs_by_factor": {
    "joint_state": [
      [
        0.16000000000000003,
        0.23,
        0.45999999999999996,
        0.15
      ],
      [
        0.13392226148409894,
        0.21378091872791521,
        0.4462897526501767,
        0.20600706713780917
      ],
      [
        0.1271749521988528,
        0.2037523900573614,
        0.4297323135755258,
        0.23934034416826003
      ],
      [
        0.13132333895843964,
        0.16782504611278995,
        0.25697774812605473,
        0.4438738668027157
      ],
      [
        0.1392605657901684,
        0.4640164766294284,
        0.18613878617339766,
        0.21058417140700558
      ],
      [
        0.4186456964627109,
        0.2618161298302124,
        0.16217590226215114,
        0.15736227144492554
      ],
      [
        0.19770420186887488,
        0.5340296135713641,
        0.13766163584130167,
        0.13060454871845945
      ],
      [
        0.4798134078732291,
        0.25285887749025304,
        0.13745783937193332,
        0.12986987526458454
      ],
      [
        0.6195355568387794,
        0.1426569245126142,
        0.12106687956072038,
        0.11674063908788601
      ],
      [
        0.3153157200339718,
        0.19866823700462646,
        0.35220564192123555,
        0.13381040104016625
      ],
      [
        0.16076942531238475,
        0.21748069980936355,
        0.5002592950789674,
        0.12149057979928432
      ],
      [
        0.4436963745764143,
        0.19188273875698456,
        0.23350121949710217,
        0.1309196671694989
      ],
      [
        0.21087755662502897,
        0.21602650892886868,
        0.44583244669171507,
        0.12726348775438714
      ],
      [
        0.15510355816950952,
        0.5145595143721037,
        0.2026246730402219,
        0.1277122544181649
      ],
      [
        0.14200032372614463,
        0.3033502780889489,
        0.4258301795251144,
        0.12881921865979218
      ],
      [
        0.1480565505080758,
        0.22668015403270766,
        0.27095489038873116,
        0.3543084050704854
      ],
      [
        0.12841912378156453,
        0.15217894620646663,
        0.22268447812194922,
        0.4967174518900196
      ],
      [
        0.13298285506551807,
        0.20581129901109596,
        0.45489276184780725,
        0.2063130840755788
      ],
      [
        0.13570220719594564,
        0.507136714953385,
        0.21100329513454497,
        0.14615778271612448
      ],
      [
        0.21121168948105234,
        0.5228176050033103,
        0.14101647196118866,
        0.12495423355444875
      ],
      [
        0.16864584469040866,
        0.3233911241794442,
        0.37412025104593044,
        0.13384278008421668
      ],
      [
        0.14009189907719596,
        0.2361719006695163,
        0.4176754542128028,
        0.2060607460404849
      ],
      [
        0.4196791884726667,
        0.19968245731953715,
        0.2246603612377641,
        0.15597799297003212
      ],
      [
        0.2300747357620082,
        0.17349442917362112,
        0.21442659340636666,
        0.382004241658004
      ],
      [
        0.1494909878401755,
        0.16807005522483712,
        0.30853133272792593,
        0.3739076242070615
      ],
      [
        0.14465927341208448,
        0.4668292706050468,
        0.1954264532145702,
        0.19308500276829849
      ],
      [
        0.14021086924747003,
        0.23881807607041242,
        0.20788586884153065,
        0.41308518584058684
      ],
      [
        0.12938493650627542,
        0.17909607459375723,
        0.30294217069375606,
        0.3885768182062114
      ],
      [
        0.1233023781514335,
        0.1413487852862629,
        0.22711386074410814,
        0.5082349758181955
      ],
      [
        0.1230755937779845,
        0.1547886048872556,
        0.3050880141098469,
        0.4170477872249131
      ],
      [
        0.13828700434216998,
        0.45288524934709207,
        0.20071322667402094,
        0.20811451963671712
      ],
      [
        0.41742822678371344,
        0.25947912749627783,
        0.16622211657038394,
        0.15687052914962465
      ],
      [
        0.4305574458853999,
        0.3109636266180654,
        0.1325988689004278,
        0.12588005859610682
      ],
      [
        0.6046517811075561,
        0.15576858520969938,
        0.12201502993929747,
        0.11756460374344713
      ],
      [
        0.31273232189938555,
        0.16195814530850766,
        0.18402942281432297,
        0.34128010997778385
      ],
      [
        0.5566397313110055,
        0.1401815023335246,
        0.1438544668823249,
        0.15932429947314505
      ],
      [
        0.6387036710958721,
        0.12269539537779389,
        0.12024491594759106,
        0.11835601757874299
      ],
      [
        0.323348628716659,
        0.17093775786159088,
        0.26775368289966045,
        0.23795993052208964
      ],
      [
        0.17707521729676087,
        0.18329455568116912,
        0.3505586210828378,
        0.2890716059392322
      ],
      [
        0.13423560709245902,
        0.21451095444080287,
        0.5046793419067056,
        0.1465740965600325
      ],
      [
        0.11999499593029729,
        0.219655663359892,
        0.5421552829650935,
        0.11819405774471725
      ],
      [
        0.11692879234236975,
        0.22022344406733058,
        0.5489521656659173,
        0.1138955979243824
      ],
      [
        0.12347540877928012,
        0.21768774900899626,
        0.4826153611469452,
        0.17622148106477847
      ],
      [
        0.11901722263822247,
        0.22024651387771935,
        0.538118783262843,
        0.12261748022121521
      ],
      [
        0.11688701471492158,
        0.22032764880468553,
        0.5482871323066406,
        0.11449820417375235
      ],
      [
        0.2394525257115116,
        0.39011846683656237,
        0.24197014377845238,
        0.12845886367347376
      ],
      [
        0.18113582225012387,
        0.24585211372153035,
        0.21910540588021557,
        0.3539066581481302
      ],
      [
        0.13479544832892967,
        0.15424205734488813,
        0.2143890612562954,
        0.49657343306988677
      ],
      [
        0.13537420866592545,
        0.2061164021899485,
        0.4499134112065984,
        0.2085959779375278
      ],
      [
        0.136314473476797,
        0.5071537874612726,
        0.20990140733904106,
        0.1466303317228893
      ]
    ]
  },
  "policy_posterior": [
    [
      1.0
    ],
    [
      1.0
    ],
    [
      1.0
    ],
    [
      1.0
    ],
    [
      1.0
    ],
    [
      1.0
    ],
    [
      1.0
    ],
    [
      1.0
    ],
    [
      1.0
    ],
    [
      1.0
    ],
    [
      1.0
    ],
    [
      1.0
    ],
    [
      1.0
    ],
    [
      1.0
    ],
    [
      1.0
    ],
    [
      1.0
    ],
    [
      1.0
    ],
    [
      1.0
    ],
    [
      1.0
    ],
    [
      1.0
    ],
    [
      1.0
    ],
    [
      1.0
    ],
    [
      1.0
    ],
    [
      1.0
    ],
    [
      1.0
    ],
    [
      1.0
    ],
    [
      1.0
    ],
    [
      1.0
    ],
    [
      1.0
    ],
    [
      1.0
    ],
    [
      1.0
    ],
    [
      1.0
    ],
    [
      1.0
    ],
    [
      1.0
    ],
    [
      1.0
    ],
    [
      1.0
    ],
    [
      1.0
    ],
    [
      1.0
    ],
    [
      1.0
    ],
    [
      1.0
    ],
    [
      1.0
    ],
    [
      1.0
    ],
    [
      1.0
    ],
    [
      1.0
    ],
    [
      1.0
    ],
    [
      1.0
    ],
    [
      1.0
    ],
    [
      1.0
    ],
    [
      1.0
    ],
    [
      1.0
    ]
  ],
  "actions": [
    0,
    0,
    0,
    0,
    0,
    0,
    0,
    0,
    0,
    0,
    0,
    0,
    0,
    0,
    0,
    0,
    0,
    0,
    0,
    0,
    0,
    0,
    0,
    0,
    0,
    0,
    0,
    0,
    0,
    0,
    0,
    0,
    0,
    0,
    0,
    0,
    0,
    0,
    0,
    0,
    0,
    0,
    0,
    0,
    0,
    0,
    0,
    0,
    0,
    0
  ],
  "model_parameters": {
    "num_observations": 6,
    "E_shape": [
      1
    ],
    "A_shape": [
      6,
      4
    ],
    "D_shape": [
      4
    ],
    "B_shape": [
      4,
      4,
      1
    ],
    "num_actions": 1,
    "C_shape": [
      6
    ],
    "num_states": 4
  },
  "num_timesteps": 50,
  "true_states": [
    2,
    2,
    1,
    1,
    0,
    0,
    0,
    0,
    2,
    2,
    2,
    2,
    1,
    2,
    3,
    3,
    2,
    2,
    2,
    2,
    2,
    2,
    3,
    3,
    3,
    3,
    3,
    3,
    0,
    0,
    0,
    0,
    0,
    0,
    0,
    0,
    2,
    2,
    2,
    2,
    2,
    2,
    2,
    2,
    1,
    3,
    3,
    2,
    2,
    2
  ],
  "framework": "RxInfer.jl",
  "observations_by_modality": {
    "joint_observation": [
      2,
      4,
      4,
      3,
      1,
      0,
      1,
      0,
      0,
      2,
      2,
      0,
      2,
      1,
      2,
      3,
      3,
      2,
      1,
      5,
      2,
      4,
      0,
      3,
      4,
      1,
      3,
      4,
      3,
      4,
      1,
      0,
      5,
      0,
      3,
      0,
      0,
      4,
      4,
      2,
      2,
      2,
      4,
      2,
      2,
      5,
      3,
      3,
      2,
      1
    ]
  },
  "observations": [
    2,
    4,
    4,
    3,
    1,
    0,
    1,
    0,
    0,
    2,
    2,
    0,
    2,
    1,
    2,
    3,
    3,
    2,
    1,
    5,
    2,
    4,
    0,
    3,
    4,
    1,
    3,
    4,
    3,
    4,
    1,
    0,
    5,
    0,
    3,
    0,
    0,
    4,
    4,
    2,
    2,
    2,
    4,
    2,
    2,
    5,
    3,
    3,
    2,
    1
  ],
  "matrix_provenance": {
    "A": {
      "derived": false,
      "shape": [
        6,
        4
      ],
      "source": "InitialParameterization"
    },
    "B": {
      "canonical_order": "next_state_previous_state_action",
      "derived": false,
      "shape": [
        4,
        4,
        1
      ],
      "source": "InitialParameterization",
      "source_order": "next_state_previous_state_action"
    },
    "C": {
      "derived": true,
      "reason": "zero preferences for passive HMM/Markov model",
      "shape": [
        6
      ],
      "source": "passive_model_adapter"
    },
    "D": {
      "derived": false,
      "shape": [
        4
      ],
      "source": "InitialParameterization"
    }
  },
  "success": true,
  "validation": {
    "all_beliefs_valid": true,
    "actions_in_range": true,
    "all_valid": true,
    "beliefs_sum_to_one": true
  },
  "actions_by_control_factor": {
    "joint_action": [
      0,
      0,
      0,
      0,
      0,
      0,
      0,
      0,
      0,
      0,
      0,
      0,
      0,
      0,
      0,
      0,
      0,
      0,
      0,
      0,
      0,
      0,
      0,
      0,
      0,
      0,
      0,
      0,
      0,
      0,
      0,
      0,
      0,
      0,
      0,
      0,
      0,
      0,
      0,
      0,
      0,
      0,
      0,
      0,
      0,
      0,
      0,
      0,
      0,
      0
    ]
  },
  "hidden_states_by_factor": {
    "joint_state": [
      2,
      2,
      1,
      1,
      0,
      0,
      0,
      0,
      2,
      2,
      2,
      2,
      1,
      2,
      3,
      3,
      2,
      2,
      2,
      2,
      2,
      2,
      3,
      3,
      3,
      3,
      3,
      3,
      0,
      0,
      0,
      0,
      0,
      0,
      0,
      0,
      2,
      2,
      2,
      2,
      2,
      2,
      2,
      2,
      1,
      3,
      3,
      2,
      2,
      2
    ]
  },
  "model_name": "Hidden Markov Model Baseline",
  "schema_version": "rxinfer_simulation_v1",
  "variational_free_energy": [],
  "beliefs": [
    [
      0.16000000000000003,
      0.23,
      0.45999999999999996,
      0.15
    ],
    [
      0.13392226148409894,
      0.21378091872791521,
      0.4462897526501767,
      0.20600706713780917
    ],
    [
      0.1271749521988528,
      0.2037523900573614,
      0.4297323135755258,
      0.23934034416826003
    ],
    [
      0.13132333895843964,
      0.16782504611278995,
      0.25697774812605473,
      0.4438738668027157
    ],
    [
      0.1392605657901684,
      0.4640164766294284,
      0.18613878617339766,
      0.21058417140700558
    ],
    [
      0.4186456964627109,
      0.2618161298302124,
      0.16217590226215114,
      0.15736227144492554
    ],
    [
      0.19770420186887488,
      0.5340296135713641,
      0.13766163584130167,
      0.13060454871845945
    ],
    [
      0.4798134078732291,
      0.25285887749025304,
      0.13745783937193332,
      0.12986987526458454
    ],
    [
      0.6195355568387794,
      0.1426569245126142,
      0.12106687956072038,
      0.11674063908788601
    ],
    [
      0.3153157200339718,
      0.19866823700462646,
      0.35220564192123555,
      0.13381040104016625
    ],
    [
      0.16076942531238475,
      0.21748069980936355,
      0.5002592950789674,
      0.12149057979928432
    ],
    [
      0.4436963745764143,
      0.19188273875698456,
      0.23350121949710217,
      0.1309196671694989
    ],
    [
      0.21087755662502897,
      0.21602650892886868,
      0.44583244669171507,
      0.12726348775438714
    ],
    [
      0.15510355816950952,
      0.5145595143721037,
      0.2026246730402219,
      0.1277122544181649
    ],
    [
      0.14200032372614463,
      0.3033502780889489,
      0.4258301795251144,
      0.12881921865979218
    ],
    [
      0.1480565505080758,
      0.22668015403270766,
      0.27095489038873116,
      0.3543084050704854
    ],
    [
      0.12841912378156453,
      0.15217894620646663,
      0.22268447812194922,
      0.4967174518900196
    ],
    [
      0.13298285506551807,
      0.20581129901109596,
      0.45489276184780725,
      0.2063130840755788
    ],
    [
      0.13570220719594564,
      0.507136714953385,
      0.21100329513454497,
      0.14615778271612448
    ],
    [
      0.21121168948105234,
      0.5228176050033103,
      0.14101647196118866,
      0.12495423355444875
    ],
    [
      0.16864584469040866,
      0.3233911241794442,
      0.37412025104593044,
      0.13384278008421668
    ],
    [
      0.14009189907719596,
      0.2361719006695163,
      0.4176754542128028,
      0.2060607460404849
    ],
    [
      0.4196791884726667,
      0.19968245731953715,
      0.2246603612377641,
      0.15597799297003212
    ],
    [
      0.2300747357620082,
      0.17349442917362112,
      0.21442659340636666,
      0.382004241658004
    ],
    [
      0.1494909878401755,
      0.16807005522483712,
      0.30853133272792593,
      0.3739076242070615
    ],
    [
      0.14465927341208448,
      0.4668292706050468,
      0.1954264532145702,
      0.19308500276829849
    ],
    [
      0.14021086924747003,
      0.23881807607041242,
      0.20788586884153065,
      0.41308518584058684
    ],
    [
      0.12938493650627542,
      0.17909607459375723,
      0.30294217069375606,
      0.3885768182062114
    ],
    [
      0.1233023781514335,
      0.1413487852862629,
      0.22711386074410814,
      0.5082349758181955
    ],
    [
      0.1230755937779845,
      0.1547886048872556,
      0.3050880141098469,
      0.4170477872249131
    ],
    [
      0.13828700434216998,
      0.45288524934709207,
      0.20071322667402094,
      0.20811451963671712
    ],
    [
      0.41742822678371344,
      0.25947912749627783,
      0.16622211657038394,
      0.15687052914962465
    ],
    [
      0.4305574458853999,
      0.3109636266180654,
      0.1325988689004278,
      0.12588005859610682
    ],
    [
      0.6046517811075561,
      0.15576858520969938,
      0.12201502993929747,
      0.11756460374344713
    ],
    [
      0.31273232189938555,
      0.16195814530850766,
      0.18402942281432297,
      0.34128010997778385
    ],
    [
      0.5566397313110055,
      0.1401815023335246,
      0.1438544668823249,
      0.15932429947314505
    ],
    [
      0.6387036710958721,
      0.12269539537779389,
      0.12024491594759106,
      0.11835601757874299
    ],
    [
      0.323348628716659,
      0.17093775786159088,
      0.26775368289966045,
      0.23795993052208964
    ],
    [
      0.17707521729676087,
      0.18329455568116912,
      0.3505586210828378,
      0.2890716059392322
    ],
    [
      0.13423560709245902,
      0.21451095444080287,
      0.5046793419067056,
      0.1465740965600325
    ],
    [
      0.11999499593029729,
      0.219655663359892,
      0.5421552829650935,
      0.11819405774471725
    ],
    [
      0.11692879234236975,
      0.22022344406733058,
      0.5489521656659173,
      0.1138955979243824
    ],
    [
      0.12347540877928012,
      0.21768774900899626,
      0.4826153611469452,
      0.17622148106477847
    ],
    [
      0.11901722263822247,
      0.22024651387771935,
      0.538118783262843,
      0.12261748022121521
    ],
    [
      0.11688701471492158,
      0.22032764880468553,
      0.5482871323066406,
      0.11449820417375235
    ],
    [
      0.2394525257115116,
      0.39011846683656237,
      0.24197014377845238,
      0.12845886367347376
    ],
    [
      0.18113582225012387,
      0.24585211372153035,
      0.21910540588021557,
      0.3539066581481302
    ],
    [
      0.13479544832892967,
      0.15424205734488813,
      0.2143890612562954,
      0.49657343306988677
    ],
    [
      0.13537420866592545,
      0.2061164021899485,
      0.4499134112065984,
      0.2085959779375278
    ],
    [
      0.136314473476797,
      0.5071537874612726,
      0.20990140733904106,
      0.1466303317228893
    ]
  ]
}