{
    "num_observations": 6,
    "time_steps": 50,
    "efe_per_action": [
        [
            1.4611328393284473
        ],
        [
            1.4607860074180838
        ],
        [
            1.4600515654985082
        ],
        [
            1.4668279716393833
        ],
        [
            1.4611387926227861
        ],
        [
            1.4587937596941953
        ],
        [
            1.491084425199198
        ],
        [
            1.4795387633347628
        ],
        [
            1.523572650604578
        ],
        [
            1.445427487082491
        ],
        [
            1.4727803271561
        ],
        [
            1.459841741311768
        ],
        [
            1.4570171166517214
        ],
        [
            1.479192780914653
        ],
        [
            1.4594243377077285
        ],
        [
            1.4448217576231106
        ],
        [
            1.479967100954199
        ],
        [
            1.4632499839149806
        ],
        [
            1.4752541498207874
        ],
        [
            1.488797762913777
        ],
        [
            1.4500807398888163
        ],
        [
            1.4533903825523173
        ],
        [
            1.4521497452967038
        ],
        [
            1.4439341216115262
        ],
        [
            1.4553881605469396
        ],
        [
            1.4616760091539238
        ],
        [
            1.4524866726214516
        ],
        [
            1.4591306974219103
        ],
        [
            1.4857826742617648
        ],
        [
            1.4689503514240385
        ],
        [
            1.4581364163607056
        ],
        [
            1.4579719228779198
        ],
        [
            1.475570425325688
        ],
        [
            1.5179001950708653
        ],
        [
            1.4421938506441399
        ],
        [
            1.4931676976220627
        ],
        [
            1.5309473015057062
        ],
        [
            1.4361610731613446
        ],
        [
            1.4451730991457319
        ],
        [
            1.4753942141915308
        ],
        [
            1.4892349113433392
        ],
        [
            1.4920038656748773
        ],
        [
            1.4704338891434259
        ],
        [
            1.4878818923498411
        ],
        [
            1.4917634449464532
        ],
        [
            1.4508294240393338
        ],
        [
            1.4392511303974087
        ],
        [
            1.4782382421584275
        ],
        [
            1.4618283717827396
        ],
        [
            1.4752127468752882
        ]
    ],
    "num_actions": 4,
    "efe_history": [
        1.4611328393284473,
        1.4607860074180838,
        1.4600515654985082,
        1.4668279716393833,
        1.4611387926227861,
        1.4587937596941953,
        1.491084425199198,
        1.4795387633347628,
        1.523572650604578,
        1.445427487082491,
        1.4727803271561,
        1.459841741311768,
        1.4570171166517214,
        1.479192780914653,
        1.4594243377077285,
        1.4448217576231106,
        1.479967100954199,
        1.4632499839149806,
        1.4752541498207874,
        1.488797762913777,
        1.4500807398888163,
        1.4533903825523173,
        1.4521497452967038,
        1.4439341216115262,
        1.4553881605469396,
        1.4616760091539238,
        1.4524866726214516,
        1.4591306974219103,
        1.4857826742617648,
        1.4689503514240385,
        1.4581364163607056,
        1.4579719228779198,
        1.475570425325688,
        1.5179001950708653,
        1.4421938506441399,
        1.4931676976220627,
        1.5309473015057062,
        1.4361610731613446,
        1.4451730991457319,
        1.4753942141915308,
        1.4892349113433392,
        1.4920038656748773,
        1.4704338891434259,
        1.4878818923498411,
        1.4917634449464532,
        1.4508294240393338,
        1.4392511303974087,
        1.4782382421584275,
        1.4618283717827396,
        1.4752127468752882
    ],
    "actions": [
        1,
        1,
        1,
        1,
        1,
        1,
        1,
        1,
        1,
        1,
        1,
        1,
        1,
        1,
        1,
        1,
        1,
        1,
        1,
        1,
        1,
        1,
        1,
        1,
        1,
        1,
        1,
        1,
        1,
        1,
        1,
        1,
        1,
        1,
        1,
        1,
        1,
        1,
        1,
        1,
        1,
        1,
        1,
        1,
        1,
        1,
        1,
        1,
        1,
        1
    ],
    "true_states": [
        3,
        3,
        3,
        2,
        2,
        1,
        1,
        1,
        1,
        3,
        3,
        3,
        3,
        2,
        3,
        4,
        4,
        3,
        3,
        3,
        3,
        3,
        3,
        4,
        4,
        4,
        4,
        4,
        4,
        1,
        1,
        1,
        1,
        1,
        1,
        1,
        1,
        3,
        3,
        3,
        3,
        3,
        3,
        3,
        3,
        2,
        4,
        4,
        3,
        3
    ],
    "framework": "rxinfer",
    "num_states": 4,
    "observations": [
        3,
        5,
        5,
        4,
        2,
        1,
        2,
        1,
        1,
        3,
        3,
        1,
        3,
        2,
        3,
        4,
        4,
        3,
        2,
        6,
        3,
        5,
        1,
        4,
        5,
        2,
        4,
        5,
        4,
        5,
        2,
        1,
        6,
        1,
        4,
        1,
        1,
        5,
        5,
        3,
        3,
        3,
        5,
        3,
        3,
        6,
        4,
        4,
        3,
        2
    ],
    "action_probabilities": [
        [
            1.0
        ],
        [
            1.0
        ],
        [
            1.0
        ],
        [
            1.0
        ],
        [
            1.0
        ],
        [
            1.0
        ],
        [
            1.0
        ],
        [
            1.0
        ],
        [
            1.0
        ],
        [
            1.0
        ],
        [
            1.0
        ],
        [
            1.0
        ],
        [
            1.0
        ],
        [
            1.0
        ],
        [
            1.0
        ],
        [
            1.0
        ],
        [
            1.0
        ],
        [
            1.0
        ],
        [
            1.0
        ],
        [
            1.0
        ],
        [
            1.0
        ],
        [
            1.0
        ],
        [
            1.0
        ],
        [
            1.0
        ],
        [
            1.0
        ],
        [
            1.0
        ],
        [
            1.0
        ],
        [
            1.0
        ],
        [
            1.0
        ],
        [
            1.0
        ],
        [
            1.0
        ],
        [
            1.0
        ],
        [
            1.0
        ],
        [
            1.0
        ],
        [
            1.0
        ],
        [
            1.0
        ],
        [
            1.0
        ],
        [
            1.0
        ],
        [
            1.0
        ],
        [
            1.0
        ],
        [
            1.0
        ],
        [
            1.0
        ],
        [
            1.0
        ],
        [
            1.0
        ],
        [
            1.0
        ],
        [
            1.0
        ],
        [
            1.0
        ],
        [
            1.0
        ],
        [
            1.0
        ],
        [
            1.0
        ]
    ],
    "validation": {
        "all_beliefs_valid": true,
        "actions_in_range": true,
        "beliefs_sum_to_one": true
    },
    "model_name": "Hidden Markov Model Baseline",
    "preferences": [
        0.0,
        0.0,
        0.0,
        0.0,
        0.0,
        0.0
    ],
    "beliefs": [
        [
            0.09999999999999999,
            0.09999999999999999,
            0.7,
            0.09999999999999999
        ],
        [
            0.05653710247349824,
            0.08127208480565372,
            0.6501766784452296,
            0.21201413427561838
        ],
        [
            0.04529158699808797,
            0.07229923518164438,
            0.6037284894837476,
            0.27868068833652015
        ],
        [
            0.05220556493073271,
            0.08364075193281269,
            0.1764059495310231,
            0.6877477336054315
        ],
        [
            0.06543427631694732,
            0.5853534770850485,
            0.12804390378399308,
            0.2211683428140112
        ],
        [
            0.5310761607711848,
            0.252792400392632,
            0.10140689594633204,
            0.11472454288985102
        ],
        [
            0.16284033644812473,
            0.712869113919737,
            0.06308145219521955,
            0.061209097436918804
        ],
        [
            0.6330223464553819,
            0.24427017437741633,
            0.06296772863803274,
            0.05973975052916905
        ],
        [
            0.8658925947312991,
            0.0651886236066426,
            0.035437503486286354,
            0.03348127817577203
        ],
        [
            0.35885953338995297,
            0.08263254110330998,
            0.4908871234264046,
            0.06762080208033248
        ],
        [
            0.10128237552064127,
            0.06381410664256909,
            0.7919223582382211,
            0.04298115959856863
        ],
        [
            0.5728272909606906,
            0.11069880257390678,
            0.2546345721264049,
            0.06183933433899778
        ],
        [
            0.18479592770838166,
            0.07991759850116863,
            0.6807594982816754,
            0.05452697550877434
        ],
        [
            0.09183926361584918,
            0.6585717832346433,
            0.1941644443131779,
            0.05542450883632981
        ],
        [
            0.07000053954357431,
            0.23222835155052934,
            0.6401326715863119,
            0.057638437319584325
        ],
        [
            0.08009425084679299,
            0.17110252026296804,
            0.24018641874926813,
            0.5086168101409708
        ],
        [
            0.047365206302607536,
            0.07251791442946262,
            0.0866819754878906,
            0.7934349037800392
        ],
        [
            0.05497142510919677,
            0.06514211667426272,
            0.6672602900653829,
            0.2126261681511576
        ],
        [
            0.059503678659909395,
            0.6446372787252016,
            0.2035434771826401,
            0.09231556543224895
        ],
        [
            0.18535281580175392,
            0.6926874665887509,
            0.07205125050059782,
            0.049908467108897514
        ],
        [
            0.11440974115068112,
            0.28320130862271126,
            0.5347033900581742,
            0.06768556016843336
        ],
        [
            0.06681983179532663,
            0.12813206611429187,
            0.5929266100094117,
            0.21212149208096986
        ],
        [
            0.5327986474544446,
            0.12831584131797602,
            0.22692952528751528,
            0.11195598594006421
        ],
        [
            0.21679122627001368,
            0.10314880026444659,
            0.11605149014953166,
            0.5640084833160081
        ],
        [
            0.08248497973362583,
            0.06220015607922395,
            0.30749961577302726,
            0.547815248414123
        ],
        [
            0.07443212235347413,
            0.5857789667881078,
            0.15361890532182101,
            0.18617000553659696
        ],
        [
            0.06701811541245008,
            0.2162738495595496,
            0.09053766334682654,
            0.6261703716811737
        ],
        [
            0.048974894177125645,
            0.08341785530542406,
            0.2904536141050275,
            0.5771536364124228
        ],
        [
            0.038837296919055804,
            0.05375902028361513,
            0.09093373116093806,
            0.816469951636391
        ],
        [
            0.03845932296330744,
            0.04408818925713789,
            0.28335691332972845,
            0.6340955744498262
        ],
        [
            0.06381167390361663,
            0.5617786413295942,
            0.15818064549335503,
            0.21622903927343423
        ],
        [
            0.5290470446395227,
            0.24751587558031005,
            0.10969602148091803,
            0.11374105829924931
        ],
        [
            0.5509290764756666,
            0.3424650919697068,
            0.05484571436241286,
            0.05176011719221368
        ],
        [
            0.8410863018459267,
            0.08678027228596291,
            0.037004218381216064,
            0.03512920748689421
        ],
        [
            0.35455386983230913,
            0.0913391085745907,
            0.0715468016375324,
            0.48256021995556775
        ],
        [
            0.7610662188516758,
            0.056305968226642335,
            0.06397921397539173,
            0.11864859894629011
        ],
        [
            0.8978394518264534,
            0.03230108815237565,
            0.03314742486368493,
            0.03671203515748597
        ],
        [
            0.37224771452776495,
            0.07150903083757061,
            0.2803233935904851,
            0.2759198610441793
        ],
        [
            0.12845869549460143,
            0.0679094928369514,
            0.4254885997899827,
            0.37814321187846445
        ],
        [
            0.05705934515409835,
            0.059063416536438394,
            0.7907290451893982,
            0.093148193120065
        ],
        [
            0.03332499321716214,
            0.05325394846110335,
            0.8770329428323,
            0.0363881154894345
        ],
        [
            0.028214653903949567,
            0.051648058085203966,
            0.8923460921620817,
            0.0277911958487648
        ],
        [
            0.03912568129880019,
            0.07368922670366392,
            0.7347421298679789,
            0.15244296212955694
        ],
        [
            0.031695371063704125,
            0.0558790940566656,
            0.8671905744371999,
            0.045234960442430444
        ],
        [
            0.02814502452486928,
            0.05208358418384575,
            0.8907749829437802,
            0.02899640834750468
        ],
        [
            0.23242087618585267,
            0.4381046543796846,
            0.2725567420875153,
            0.056917727346947465
        ],
        [
            0.13522637041687305,
            0.22031216478568733,
            0.13664814850117907,
            0.5078133162962606
        ],
        [
            0.05799241388154944,
            0.07871197069404089,
            0.07014874928463606,
            0.7931468661397737
        ],
        [
            0.05895701444320905,
            0.0674625984435498,
            0.6563884312381857,
            0.2171919558750555
        ],
        [
            0.060524122461328364,
            0.6450645321039666,
            0.2011506819889265,
            0.09326066344577863
        ]
    ]
}