{
  "num_observations": 4,
  "time_steps": 30,
  "num_actions": 4,
  "efe_history": [
    [
      -1.3361938690714354,
      -1.283041704262326,
      -1.3414629663162496,
      -1.2851006983422781
    ],
    [
      -1.5225067965822907,
      -1.424604939432452,
      -1.5064438069396224,
      -1.377736021981576
    ],
    [
      -1.6261931424834801,
      -1.5140342490088061,
      -1.5962207707432086,
      -1.4360823496961728
    ],
    [
      -1.683885118413178,
      -1.5640885279208576,
      -1.6459094431113965,
      -1.4682026407033468
    ],
    [
      -1.7139706907062722,
      -1.590259363044022,
      -1.6717563174138852,
      -1.4848520832061707
    ],
    [
      -1.7291408436665423,
      -1.6034722854979861,
      -1.6847740843707486,
      -1.4932203443534657
    ],
    [
      -1.7366618071622781,
      -1.610027234394312,
      -1.6912246333139147,
      -1.497362225907258
    ],
    [
      -1.5143981517422318,
      -1.484778875509143,
      -1.5155431625462135,
      -1.4240725483408214
    ],
    [
      -1.5874536900802778,
      -1.6373422843714343,
      -1.5600063181607902,
      -1.495467588430028
    ],
    [
      -1.1068914208883716,
      -1.130011417802131,
      -1.1341647848409275,
      -1.154163870693445
    ],
    [
      -1.3976537466911805,
      -1.4696221524575452,
      -1.380492179635248,
      -1.3651345758175628
    ],
    [
      -1.6558057709123837,
      -1.7626631745123458,
      -1.5904799875432023,
      -1.5404432519103648
    ],
    [
      -1.0978247433588475,
      -1.1498885557969918,
      -1.1161056567544638,
      -1.1504267459206443
    ],
    [
      -0.7625477563736166,
      -0.8016129437224249,
      -0.8106123903430447,
      -0.8896605099042876
    ],
    [
      -0.5932947417163603,
      -0.6150110687814264,
      -0.6411622068845861,
      -0.7304407810598935
    ],
    [
      -0.80753978104805,
      -0.7708379868596384,
      -0.8422705384442728,
      -0.8736599236532008
    ],
    [
      -1.059745821056584,
      -1.004343256609052,
      -1.0770463134063188,
      -1.0494269846945272
    ],
    [
      -1.3393324474806616,
      -1.261700591476972,
      -1.3284783130722742,
      -1.2294434198880646
    ],
    [
      -1.5324744082915522,
      -1.4307050049332362,
      -1.5099301228429423,
      -1.3683935429035525
    ],
    [
      -1.640410910418669,
      -1.5258508815312095,
      -1.6065748566497273,
      -1.4385875940351278
    ],
    [
      -1.465150575296468,
      -1.39831459955832,
      -1.4263953793264508,
      -1.358824842642166
    ],
    [
      -1.5418591834381712,
      -1.5056646413444865,
      -1.444975464062962,
      -1.4028449983738178
    ],
    [
      -1.6712745660451414,
      -1.6418568558263154,
      -1.5187482269035228,
      -1.4689272740140182
    ],
    [
      -1.5921745885411687,
      -1.6203332225026927,
      -1.492038658910387,
      -1.4634663070223133
    ],
    [
      -1.6608087511239216,
      -1.7407338427991057,
      -1.5696768519010713,
      -1.5316423322136221
    ],
    [
      -1.7611745720549976,
      -1.8748393261235115,
      -1.6629240366069333,
      -1.6062544629468192
    ],
    [
      -1.839766155561248,
      -1.9723541211823776,
      -1.732478559256021,
      -1.6601089744410802
    ],
    [
      -1.8886188054872064,
      -2.031141641456287,
      -1.7747871416382497,
      -1.692399952917846
    ],
    [
      -1.9157446568067855,
      -2.0633412660670256,
      -1.7979984606983326,
      -1.7100195925637254
    ],
    [
      -1.9299567005124847,
      -2.080108300069993,
      -1.810069221530048,
      -1.7191718433008436
    ]
  ],
  "actions": [
    2,
    4,
    4,
    4,
    4,
    4,
    4,
    4,
    4,
    1,
    4,
    4,
    1,
    1,
    1,
    2,
    2,
    4,
    4,
    4,
    4,
    4,
    4,
    4,
    4,
    4,
    4,
    4,
    4,
    4
  ],
  "policy_history": [
    2,
    4,
    4,
    4,
    4,
    4,
    4,
    4,
    4,
    1,
    4,
    4,
    1,
    1,
    1,
    2,
    2,
    4,
    4,
    4,
    4,
    4,
    4,
    4,
    4,
    4,
    4,
    4,
    4,
    4
  ],
  "framework": "activeinference_jl",
  "num_states": 4,
  "observations": [
    3,
    3,
    3,
    3,
    3,
    3,
    3,
    1,
    1,
    4,
    1,
    1,
    4,
    4,
    4,
    3,
    3,
    3,
    3,
    3,
    2,
    2,
    2,
    1,
    1,
    1,
    1,
    1,
    1,
    1
  ],
  "validation": {
    "beliefs_in_range": true,
    "actions_in_range": true,
    "all_valid": true,
    "beliefs_sum_to_one": true
  },
  "model_name": "Deep Planning Horizon POMDP",
  "beliefs": [
    [
      0.17734594095428316,
      0.17734594095428316,
      0.43440706329174783,
      0.210901054799686
    ],
    [
      0.11041671699118075,
      0.10836634857348391,
      0.6117225082261748,
      0.1694944262091606
    ],
    [
      0.09693185713192613,
      0.09621457839832509,
      0.6670040390422163,
      0.1398495254275325
    ],
    [
      0.08987154280626637,
      0.08962699308162492,
      0.6962246406968097,
      0.12427682341529901
    ],
    [
      0.08630480330500202,
      0.08622253167799238,
      0.7110737181479412,
      0.11639894686906443
    ],
    [
      0.08453515050997415,
      0.08450765790627167,
      0.7184681025432563,
      0.11248908904049777
    ],
    [
      0.08366481265865874,
      0.08365565602291414,
      0.7221128812039287,
      0.11056665011449832
    ],
    [
      0.29524271947623326,
      0.14333266794185986,
      0.42793928648720087,
      0.1334853260947061
    ],
    [
      0.47244736519308805,
      0.15393567462839083,
      0.24828487943089425,
      0.12533208074762672
    ],
    [
      0.2947361580433291,
      0.14785014507980115,
      0.2275673495873041,
      0.3298463472895657
    ],
    [
      0.47789429846125614,
      0.12909527124236236,
      0.16566379658011487,
      0.2273466337162667
    ],
    [
      0.5942409109175308,
      0.13238009968325157,
      0.1250814982357235,
      0.14829749116349403
    ],
    [
      0.3492957661547508,
      0.13727786717531665,
      0.1592674564797812,
      0.3541589101901514
    ],
    [
      0.21215713899559904,
      0.09019063598907334,
      0.13746083647754756,
      0.56019138853778
    ],
    [
      0.11136439158314852,
      0.05286267844287755,
      0.1190391003875194,
      0.7167338295864545
    ],
    [
      0.07627506540575793,
      0.0429976673797816,
      0.3166179684753656,
      0.564109298739095
    ],
    [
      0.08220370174748338,
      0.030450711453069542,
      0.46573203073704067,
      0.42161355606240647
    ],
    [
      0.0686196156894638,
      0.021048256336439936,
      0.6110078605879476,
      0.29932426738614865
    ],
    [
      0.08163804152623962,
      0.06513205328318707,
      0.6609513118611472,
      0.1922785933294261
    ],
    [
      0.0846241729591109,
      0.07899880397554754,
      0.6908997323295928,
      0.1454772907357488
    ],
    [
      0.14434455296821294,
      0.29066048071314904,
      0.4142227997438942,
      0.15077216657474396
    ],
    [
      0.15485524113185503,
      0.4690238864249497,
      0.24321247920615124,
      0.13290839323704398
    ],
    [
      0.1443437360780487,
      0.5878293355105912,
      0.15473397967784724,
      0.11309294873351283
    ],
    [
      0.3370529131221157,
      0.3969739293473491,
      0.142198262560657,
      0.12377489496987812
    ],
    [
      0.49286265257485806,
      0.26774490599370304,
      0.12337581956387139,
      0.11601662186756741
    ],
    [
      0.5972661821724079,
      0.19099283642610582,
      0.10723086578005832,
      0.10451011562142791
    ],
    [
      0.6585064576450173,
      0.14967749143066125,
      0.09638675243284371,
      0.09542929849147777
    ],
    [
      0.6915938773332525,
      0.1287205117379338,
      0.09000660713831893,
      0.08967900379049486
    ],
    [
      0.708657493590997,
      0.11841064598115834,
      0.08652114557882779,
      0.08641071484901705
    ],
    [
      0.7172385157483964,
      0.11340683162290634,
      0.08469579682952241,
      0.08465885579917488
    ]
  ]
}