{
    "num_observations": 4,
    "time_steps": 30,
    "efe_per_action": [
        [
            2.0867152113879195,
            1.9258304874233205,
            1.9761650596144067,
            1.6721137446744125
        ],
        [
            2.2979764147114956,
            2.1198480808949025,
            2.1476557818654176,
            1.7771926183544458
        ],
        [
            2.3330696554659243,
            2.154324489366872,
            2.1741328697379165,
            1.7928698718218556
        ],
        [
            2.3126115727658294,
            2.132976665428304,
            2.159742656628307,
            1.7844804290317031
        ],
        [
            2.3116575765444054,
            2.1320566164873673,
            2.159009686761993,
            1.7840456628916332
        ],
        [
            2.134733023264619,
            2.291543210237703,
            2.027292922524441,
            1.8621284575416353
        ],
        [
            2.5509037504253955,
            2.804041740900493,
            2.2987062227160706,
            2.0879357602252666
        ],
        [
            2.5763817022636006,
            2.8295822478965107,
            2.316483725464937,
            2.0986856159167466
        ],
        [
            2.5470637359740937,
            2.7981189582918686,
            2.294318677186437,
            2.0842823639475347
        ],
        [
            1.9442678651853884,
            1.8219328494577358,
            1.9102211595542935,
            1.6421439159109137
        ],
        [
            2.2846163759622775,
            2.1077703786639184,
            2.1398727402807105,
            1.7726424837389898
        ],
        [
            2.088498553667815,
            2.0315316613471164,
            1.7894683906185833,
            1.6729229210165804
        ],
        [
            2.1221853905289407,
            1.9222061976489255,
            1.9857362995736219,
            1.6896973358434255
        ],
        [
            2.2267763656666073,
            2.1680846022883515,
            1.8767687243080187,
            1.7362250111254078
        ],
        [
            2.466890345757552,
            2.382086440134587,
            2.0382221822560145,
            1.8357675506256477
        ],
        [
            0.5107902919870496,
            0.5440883043080524,
            0.5818365625488935,
            0.6584213686217959
        ],
        [
            0.47160303894044375,
            0.4826923087363525,
            0.4796705112158038,
            0.5402749274621896
        ],
        [
            0.4750129264691849,
            0.4915259202915351,
            0.4736632297436779,
            0.5345589786506586
        ],
        [
            0.4762799695796544,
            0.48531269746300454,
            0.4782387447914237,
            0.5369119195295303
        ],
        [
            0.4789529769407371,
            0.4878054679805723,
            0.477109718784293,
            0.5352591393371884
        ],
        [
            0.4790328689795885,
            0.4878762873368723,
            0.4770755129627581,
            0.5352004905874753
        ],
        [
            0.47522443290329736,
            0.49172601680427025,
            0.4735592628070655,
            0.5343853440268055
        ],
        [
            1.4451288509421867,
            1.3369163361437364,
            1.3801608451482443,
            1.2535918459758566
        ],
        [
            0.5267475401855236,
            0.4979046986088537,
            0.5290656463702033,
            0.5856775964712113
        ],
        [
            0.4782440202564884,
            0.4840585583401207,
            0.48091323001513564,
            0.5399273978947053
        ],
        [
            0.47905096661893204,
            0.4877102294183263,
            0.47725917337080803,
            0.5354232503268403
        ],
        [
            0.4764361824866092,
            0.4851738484264972,
            0.47841677248681225,
            0.5370368754026047
        ],
        [
            0.4748111469050362,
            0.4871051975258235,
            0.4783377222909201,
            0.5404220095687348
        ],
        [
            0.47511867160422877,
            0.4916574964138658,
            0.47363156653982375,
            0.5345700704365584
        ],
        [
            1.92319396673981,
            2.0910476134943696,
            1.7597655268850678,
            1.6674562063423024
        ]
    ],
    "num_actions": 4,
    "efe_history": [
        1.6721137446744125,
        2.1198480808949025,
        1.7928698718218556,
        1.7844804290317031,
        1.7840456628916332,
        2.291543210237703,
        2.5509037504253955,
        2.0986856159167466,
        2.0842823639475347,
        1.6421439159109137,
        1.7726424837389898,
        2.088498553667815,
        1.6896973358434255,
        1.8767687243080187,
        2.0382221822560145,
        0.5818365625488935,
        0.4826923087363525,
        0.4736632297436779,
        0.4762799695796544,
        0.4789529769407371,
        0.4878762873368723,
        0.4735592628070655,
        1.3369163361437364,
        0.5290656463702033,
        0.4782440202564884,
        0.47725917337080803,
        0.5370368754026047,
        0.4871051975258235,
        0.4916574964138658,
        1.6674562063423024
    ],
    "actions": [
        4,
        2,
        4,
        4,
        4,
        2,
        1,
        4,
        4,
        4,
        4,
        1,
        4,
        3,
        3,
        3,
        2,
        3,
        1,
        1,
        2,
        3,
        2,
        3,
        1,
        3,
        4,
        2,
        2,
        4
    ],
    "true_states": [
        3,
        3,
        3,
        3,
        3,
        1,
        1,
        1,
        1,
        3,
        3,
        3,
        3,
        2,
        2,
        4,
        4,
        4,
        4,
        4,
        4,
        4,
        4,
        4,
        4,
        4,
        4,
        4,
        4,
        1
    ],
    "framework": "rxinfer",
    "num_states": 4,
    "observations": [
        3,
        3,
        3,
        3,
        3,
        1,
        1,
        1,
        1,
        3,
        3,
        2,
        3,
        2,
        2,
        4,
        4,
        4,
        4,
        4,
        4,
        4,
        3,
        4,
        4,
        4,
        4,
        4,
        4,
        1
    ],
    "action_probabilities": [
        [
            0.10298379502841895,
            0.19599919300276744,
            0.16025595457181394,
            0.5407610573969996
        ],
        [
            0.07756043995929887,
            0.1581542524537782,
            0.1415057049934192,
            0.6227796025935037
        ],
        [
            0.07347187931551824,
            0.15018733322644562,
            0.1387466879313019,
            0.6375940995267342
        ],
        [
            0.07596662598885554,
            0.1558406080218626,
            0.14001783070307636,
            0.6281749352862055
        ],
        [
            0.07607680126613171,
            0.15604543474885832,
            0.14009698491142936,
            0.6277807790735807
        ],
        [
            0.16538572687057987,
            0.0883264611825288,
            0.2541795449564885,
            0.49210826699040294
        ],
        [
            0.09544436552860518,
            0.03467404956162069,
            0.2617352845432222,
            0.608146300366552
        ],
        [
            0.09132711923333807,
            0.033169991452871875,
            0.25827881637017086,
            0.6172240729436193
        ],
        [
            0.0954052355996028,
            0.03494979377800842,
            0.26220160500147915,
            0.6074433656209096
        ],
        [
            0.1403394643893041,
            0.22892725657330693,
            0.1608144242580727,
            0.4699188547793164
        ],
        [
            0.07958959520308267,
            0.1614616026605654,
            0.14200438160575027,
            0.6169444205306017
        ],
        [
            0.09229676864751618,
            0.11591726465995648,
            0.30524959428213777,
            0.4865363724103896
        ],
        [
            0.0944133501134358,
            0.21010328756857494,
            0.16295577543871753,
            0.5325275868792718
        ],
        [
            0.0744327883278594,
            0.09412875711975119,
            0.30184906676612816,
            0.5295893877862613
        ],
        [
            0.04891591536432565,
            0.06867041277387352,
            0.27172090775932206,
            0.6106927641024786
        ],
        [
            0.31427160470527293,
            0.27508098518100316,
            0.23652939995604702,
            0.17411801015767683
        ],
        [
            0.27139494385476076,
            0.2596197442002256,
            0.2627768592847075,
            0.20620845266030607
        ],
        [
            0.26812863934903086,
            0.2509904492548847,
            0.269580123336056,
            0.21130078806002844
        ],
        [
            0.2672830951013248,
            0.25779829232271545,
            0.26519708780669465,
            0.20972152476926523
        ],
        [
            0.26518539291765914,
            0.25595949598151296,
            0.2671478391715116,
            0.2117072719293163
        ],
        [
            0.265119485851208,
            0.25590516866296065,
            0.26720336587954874,
            0.21177197960628266
        ],
        [
            0.2679470717619106,
            0.25083193469607,
            0.2697377384761347,
            0.2114832550658847
        ],
        [
            0.16694847436349003,
            0.2573752887516915,
            0.2164927914920931,
            0.35918344539272534
        ],
        [
            0.25620908378461826,
            0.28754092874998327,
            0.25384438452841507,
            0.20240560293698343
        ],
        [
            0.2668275404157366,
            0.26069323763051816,
            0.26399382022299034,
            0.20848540173075492
        ],
        [
            0.26516234088518414,
            0.2561351396199175,
            0.26706963203167117,
            0.21163288746322723
        ],
        [
            0.267200923241628,
            0.25802338830104704,
            0.2650924245062822,
            0.20968326395104273
        ],
        [
            0.26974711010272256,
            0.25680285474307807,
            0.2659686884594044,
            0.20748134669479484
        ],
        [
            0.2680744091222463,
            0.25091375856451986,
            0.2696737805186547,
            0.21133805179457926
        ],
        [
            0.1608999116537184,
            0.08221747888029857,
            0.3093570973018561,
            0.4475255121641269
        ]
    ],
    "validation": {
        "all_beliefs_valid": true,
        "actions_in_range": true,
        "beliefs_sum_to_one": true
    },
    "model_name": "Deep Planning Horizon POMDP",
    "preferences": [
        -1.0,
        -0.5,
        -0.5,
        2.0
    ],
    "beliefs": [
        [
            0.025,
            0.025,
            0.9,
            0.05000000000000001
        ],
        [
            0.004887377815554611,
            0.004887377815554612,
            0.9791755206119848,
            0.01104972375690608
        ],
        [
            0.00017215467865235455,
            0.0001528786721623226,
            0.9929270349979162,
            0.006747931651269128
        ],
        [
            0.003932479344152956,
            0.003932024998475202,
            0.983960547880099,
            0.008174947777272797
        ],
        [
            0.0040509410247833826,
            0.004050930236174011,
            0.9835947686654184,
            0.00830336007362421
        ],
        [
            0.7866666825957874,
            0.04370370182677105,
            0.1472334536819814,
            0.022396161895460086
        ],
        [
            0.9843026527012511,
            0.009085174130905186,
            0.005269419420665861,
            0.0013427537471779776
        ],
        [
            0.9961953891395537,
            0.0005431934769488322,
            0.00015217960076812528,
            0.003109237782729269
        ],
        [
            0.9842240629570181,
            0.007862400411854965,
            0.003922007244284898,
            0.003991529386842045
        ],
        [
            0.14740026590306832,
            0.022352800516170838,
            0.7865328557289908,
            0.043714077851770144
        ],
        [
            0.008912473651382308,
            0.005363923565851076,
            0.9737833910136563,
            0.011940211769110308
        ],
        [
            0.0446577830351398,
            0.7875940483687367,
            0.14503423113373418,
            0.022713937462389405
        ],
        [
            0.020968044428092424,
            0.12750571660282617,
            0.8427448583258063,
            0.008781380643275133
        ],
        [
            0.030885521148818113,
            0.8715978595508099,
            0.08307684868412002,
            0.014439770616251938
        ],
        [
            0.009292109058701403,
            0.9840275899485065,
            0.002744660673586828,
            0.003935640319205317
        ],
        [
            0.023116156783664462,
            0.17164107565493097,
            0.0015330049707491767,
            0.8037097625906554
        ],
        [
            0.0014755323698022948,
            0.008975782018228939,
            0.006914788415755235,
            0.9826338971962135
        ],
        [
            0.0031137588978586194,
            0.0002571811645098842,
            0.0004452740820548887,
            0.9961837858555767
        ],
        [
            8.830313082453069e-5,
            0.0034431256019312583,
            0.0069150268978847105,
            0.9895535443693595
        ],
        [
            1.3129873688139867e-5,
            0.00011743294928104626,
            0.006517381029038791,
            0.993352056147992
        ],
        [
            7.272595413685932e-7,
            2.3380404317666844e-5,
            0.006494714115988446,
            0.9934811782201525
        ],
        [
            0.003073602276673678,
            6.532480136967411e-7,
            0.0003618190152563587,
            0.9965639254600562
        ],
        [
            0.00047020941616731553,
            0.018787257918276595,
            0.6801412086646706,
            0.3006013240008855
        ],
        [
            0.002264155142555975,
            0.0012593773110160225,
            0.09121082483868924,
            0.9052656427077388
        ],
        [
            0.000416926411100286,
            0.003794943313158849,
            0.012345406077132092,
            0.9834427241986088
        ],
        [
            2.351957461216557e-5,
            0.00014490751955318707,
            0.006821895932632171,
            0.9930096769732025
        ],
        [
            2.474940774277375e-5,
            0.003462483382756672,
            0.0072474720690913815,
            0.9892652951404092
        ],
        [
            0.00394086316127842,
            0.00402213692749539,
            0.008223240748801002,
            0.9838137591624252
        ],
        [
            0.0031825975150587505,
            0.00012533315355903743,
            0.0004872887939562695,
            0.9962047805374259
        ],
        [
            0.8042581158202156,
            0.0001879319989778622,
            9.833310109261816e-5,
            0.19545561907971395
        ]
    ]
}