{
  "success": true,
  "framework": "PyMDP",
  "model_name": "Multi Armed Bandit Agent",
  "num_timesteps": 15,
  "simulation_trace": {
    "observations": [
      0,
      0,
      0,
      1,
      1,
      0,
      1,
      0,
      1,
      0,
      1,
      0,
      1,
      0,
      1
    ],
    "true_states": [
      2,
      2,
      2,
      2,
      2,
      2,
      1,
      1,
      1,
      1,
      1,
      1,
      1,
      1,
      1
    ],
    "beliefs": [
      [
        0.09090909090909097,
        0.45454545454545453,
        0.45454545454545453
      ],
      [
        0.02834008097165998,
        0.48582995951416996,
        0.48582995951416996
      ],
      [
        0.015751420210018983,
        0.49212428989499046,
        0.49212428989499046
      ],
      [
        0.054829689457256046,
        0.5400973203101395,
        0.40507299023260457
      ],
      [
        0.08259016131972247,
        0.5803029025604987,
        0.33710693611977893
      ],
      [
        0.026598028699462515,
        0.601055777989047,
        0.37234619331149044
      ],
      [
        0.06117137002963431,
        0.6300629830134712,
        0.3087656469568945
      ],
      [
        0.022211515534696177,
        0.6375776613675281,
        0.3402108230977757
      ],
      [
        0.057528607489318324,
        0.6591878988636753,
        0.2832834936470063
      ],
      [
        0.0214792932043292,
        0.6627457992068809,
        0.3157749075887899
      ],
      [
        0.056671263070680156,
        0.678967337447586,
        0.264361399481734
      ],
      [
        0.021307532903931302,
        0.6805719476146549,
        0.29812051948141377
      ],
      [
        0.05631390065987979,
        0.6928356659424794,
        0.2508504333976408
      ],
      [
        0.021236003112032328,
        0.6931819218909909,
        0.2855820749969768
      ],
      [
        0.056097919322914844,
        0.7025761922859874,
        0.24132588839109761
      ]
    ],
    "actions": [
      0,
      0,
      0,
      0,
      0,
      0,
      0,
      0,
      0,
      0,
      0,
      0,
      0,
      0,
      0
    ],
    "efe_history": [
      [
        -2.126858797151228,
        -2.126858797151228,
        -2.126858797151228
      ],
      [
        -2.2204445210343056,
        -2.2204445210343056,
        -2.2204445210343056
      ],
      [
        -2.239759028768056,
        -2.239759028768056,
        -2.239759028768056
      ],
      [
        -2.190321519257322,
        -2.190321519257322,
        -2.190321519257322
      ],
      [
        -2.156643828122098,
        -2.156643828122098,
        -2.156643828122098
      ],
      [
        -2.2407761564436077,
        -2.2407761564436077,
        -2.2407761564436077
      ],
      [
        -2.1948508182004147,
        -2.1948508182004147,
        -2.1948508182004147
      ],
      [
        -2.2530843059623855,
        -2.2530843059623855,
        -2.2530843059623855
      ],
      [
        -2.204657164701425,
        -2.204657164701425,
        -2.204657164701425
      ],
      [
        -2.2582468406582303,
        -2.2582468406582303,
        -2.2582468406582303
      ],
      [
        -2.2090142191663684,
        -2.2090142191663684,
        -2.2090142191663684
      ],
      [
        -2.261414623797381,
        -2.261414623797381,
        -2.261414623797381
      ],
      [
        -2.211730967144927,
        -2.211730967144927,
        -2.211730967144927
      ],
      [
        -2.263593758060012,
        -2.263593758060012,
        -2.263593758060012
      ],
      [
        -2.2135959529326956,
        -2.2135959529326956,
        -2.2135959529326956
      ]
    ],
    "belief_confidence": [
      0.45454545454545453,
      0.48582995951416996,
      0.49212428989499046,
      0.5400973203101395,
      0.5803029025604987,
      0.601055777989047,
      0.6300629830134712,
      0.6375776613675281,
      0.6591878988636753,
      0.6627457992068809,
      0.678967337447586,
      0.6805719476146549,
      0.6928356659424794,
      0.6931819218909909,
      0.7025761922859874
    ]
  },
  "observations": [
    0,
    0,
    0,
    1,
    1,
    0,
    1,
    0,
    1,
    0,
    1,
    0,
    1,
    0,
    1
  ],
  "true_states": [
    2,
    2,
    2,
    2,
    2,
    2,
    1,
    1,
    1,
    1,
    1,
    1,
    1,
    1,
    1
  ],
  "beliefs": [
    [
      0.09090909090909097,
      0.45454545454545453,
      0.45454545454545453
    ],
    [
      0.02834008097165998,
      0.48582995951416996,
      0.48582995951416996
    ],
    [
      0.015751420210018983,
      0.49212428989499046,
      0.49212428989499046
    ],
    [
      0.054829689457256046,
      0.5400973203101395,
      0.40507299023260457
    ],
    [
      0.08259016131972247,
      0.5803029025604987,
      0.33710693611977893
    ],
    [
      0.026598028699462515,
      0.601055777989047,
      0.37234619331149044
    ],
    [
      0.06117137002963431,
      0.6300629830134712,
      0.3087656469568945
    ],
    [
      0.022211515534696177,
      0.6375776613675281,
      0.3402108230977757
    ],
    [
      0.057528607489318324,
      0.6591878988636753,
      0.2832834936470063
    ],
    [
      0.0214792932043292,
      0.6627457992068809,
      0.3157749075887899
    ],
    [
      0.056671263070680156,
      0.678967337447586,
      0.264361399481734
    ],
    [
      0.021307532903931302,
      0.6805719476146549,
      0.29812051948141377
    ],
    [
      0.05631390065987979,
      0.6928356659424794,
      0.2508504333976408
    ],
    [
      0.021236003112032328,
      0.6931819218909909,
      0.2855820749969768
    ],
    [
      0.056097919322914844,
      0.7025761922859874,
      0.24132588839109761
    ]
  ],
  "actions": [
    0,
    0,
    0,
    0,
    0,
    0,
    0,
    0,
    0,
    0,
    0,
    0,
    0,
    0,
    0
  ],
  "model_parameters": {
    "A_shape": [
      3,
      3
    ],
    "B_shape": [
      3,
      3,
      3
    ],
    "C_shape": [
      3
    ],
    "D_shape": [
      3
    ],
    "num_states": 3,
    "num_observations": 3,
    "num_actions": 3
  },
  "metrics": {
    "expected_free_energy": [
      [
        -2.126858797151228,
        -2.126858797151228,
        -2.126858797151228
      ],
      [
        -2.2204445210343056,
        -2.2204445210343056,
        -2.2204445210343056
      ],
      [
        -2.239759028768056,
        -2.239759028768056,
        -2.239759028768056
      ],
      [
        -2.190321519257322,
        -2.190321519257322,
        -2.190321519257322
      ],
      [
        -2.156643828122098,
        -2.156643828122098,
        -2.156643828122098
      ],
      [
        -2.2407761564436077,
        -2.2407761564436077,
        -2.2407761564436077
      ],
      [
        -2.1948508182004147,
        -2.1948508182004147,
        -2.1948508182004147
      ],
      [
        -2.2530843059623855,
        -2.2530843059623855,
        -2.2530843059623855
      ],
      [
        -2.204657164701425,
        -2.204657164701425,
        -2.204657164701425
      ],
      [
        -2.2582468406582303,
        -2.2582468406582303,
        -2.2582468406582303
      ],
      [
        -2.2090142191663684,
        -2.2090142191663684,
        -2.2090142191663684
      ],
      [
        -2.261414623797381,
        -2.261414623797381,
        -2.261414623797381
      ],
      [
        -2.211730967144927,
        -2.211730967144927,
        -2.211730967144927
      ],
      [
        -2.263593758060012,
        -2.263593758060012,
        -2.263593758060012
      ],
      [
        -2.2135959529326956,
        -2.2135959529326956,
        -2.2135959529326956
      ]
    ],
    "belief_confidence": [
      0.45454545454545453,
      0.48582995951416996,
      0.49212428989499046,
      0.5400973203101395,
      0.5803029025604987,
      0.601055777989047,
      0.6300629830134712,
      0.6375776613675281,
      0.6591878988636753,
      0.6627457992068809,
      0.678967337447586,
      0.6805719476146549,
      0.6928356659424794,
      0.6931819218909909,
      0.7025761922859874
    ],
    "cumulative_preference": [
      0.0,
      0.0,
      0.0,
      1.0,
      1.0,
      0.0,
      1.0,
      0.0,
      1.0,
      0.0,
      1.0,
      0.0,
      1.0,
      0.0,
      1.0
    ]
  },
  "validation": {
    "all_beliefs_valid": true,
    "beliefs_sum_to_one": true,
    "actions_in_range": true
  }
}