{
    "num_observations": 3,
    "time_steps": 30,
    "efe_per_action": [
        [
            2.126859134756673,
            2.126859134756673,
            2.126859134756673
        ],
        [
            2.1062303889797924,
            2.1062303889797924,
            2.1062303889797924
        ],
        [
            2.094141567984286,
            2.094141567984286,
            2.094141567984286
        ],
        [
            2.0880209458725343,
            2.0880209458725343,
            2.0880209458725343
        ],
        [
            2.23025701074039,
            2.23025701074039,
            2.23025701074039
        ],
        [
            2.25906938841114,
            2.25906938841114,
            2.25906938841114
        ],
        [
            2.2627238474259292,
            2.2627238474259292,
            2.2627238474259292
        ],
        [
            2.261711364026411,
            2.261711364026411,
            2.261711364026411
        ],
        [
            2.2600077034475072,
            2.2600077034475072,
            2.2600077034475072
        ],
        [
            2.258341483556889,
            2.258341483556889,
            2.258341483556889
        ],
        [
            2.2568303664716622,
            2.2568303664716622,
            2.2568303664716622
        ],
        [
            2.255479682057976,
            2.255479682057976,
            2.255479682057976
        ],
        [
            2.254275686695411,
            2.254275686695411,
            2.254275686695411
        ],
        [
            2.202943445517666,
            2.202943445517666,
            2.202943445517666
        ],
        [
            2.2499572306125284,
            2.2499572306125284,
            2.2499572306125284
        ],
        [
            2.2577046760036223,
            2.2577046760036223,
            2.2577046760036223
        ],
        [
            2.2064773770511104,
            2.2064773770511104,
            2.2064773770511104
        ],
        [
            2.1715512195431357,
            2.1715512195431357,
            2.1715512195431357
        ],
        [
            2.251689188530077,
            2.251689188530077,
            2.251689188530077
        ],
        [
            1.8943594502148247,
            1.8943594502148247,
            1.8943594502148247
        ],
        [
            2.158963093777528,
            2.158963093777528,
            2.158963093777528
        ],
        [
            2.130162501454082,
            2.130162501454082,
            2.130162501454082
        ],
        [
            2.228023825854722,
            2.228023825854722,
            2.228023825854722
        ],
        [
            2.247546902557733,
            2.247546902557733,
            2.247546902557733
        ],
        [
            2.197705071561815,
            2.197705071561815,
            2.197705071561815
        ],
        [
            2.2477568442469527,
            2.2477568442469527,
            2.2477568442469527
        ],
        [
            2.256259250856543,
            2.256259250856543,
            2.256259250856543
        ],
        [
            2.205200952081598,
            2.205200952081598,
            2.205200952081598
        ],
        [
            2.1703913860150514,
            2.1703913860150514,
            2.1703913860150514
        ],
        [
            2.1470048353014697,
            2.1470048353014697,
            2.1470048353014697
        ]
    ],
    "num_actions": 3,
    "efe_history": [
        2.126859134756673,
        2.1062303889797924,
        2.094141567984286,
        2.0880209458725343,
        2.23025701074039,
        2.25906938841114,
        2.2627238474259292,
        2.261711364026411,
        2.2600077034475072,
        2.258341483556889,
        2.2568303664716622,
        2.255479682057976,
        2.254275686695411,
        2.202943445517666,
        2.2499572306125284,
        2.2577046760036223,
        2.2064773770511104,
        2.1715512195431357,
        2.251689188530077,
        1.8943594502148247,
        2.158963093777528,
        2.130162501454082,
        2.228023825854722,
        2.247546902557733,
        2.197705071561815,
        2.2477568442469527,
        2.256259250856543,
        2.205200952081598,
        2.1703913860150514,
        2.1470048353014697
    ],
    "actions": [
        2,
        1,
        2,
        2,
        2,
        1,
        1,
        2,
        2,
        2,
        3,
        1,
        3,
        2,
        1,
        3,
        1,
        2,
        1,
        1,
        2,
        3,
        1,
        3,
        1,
        2,
        3,
        2,
        2,
        2
    ],
    "true_states": [
        2,
        2,
        2,
        2,
        2,
        2,
        2,
        2,
        2,
        2,
        2,
        2,
        2,
        2,
        2,
        3,
        3,
        3,
        3,
        3,
        3,
        3,
        3,
        3,
        3,
        3,
        3,
        3,
        3,
        2
    ],
    "framework": "rxinfer",
    "num_states": 3,
    "observations": [
        1,
        2,
        2,
        2,
        1,
        1,
        1,
        1,
        1,
        1,
        1,
        1,
        1,
        2,
        1,
        1,
        2,
        2,
        1,
        3,
        1,
        2,
        1,
        1,
        2,
        1,
        1,
        2,
        2,
        2
    ],
    "action_probabilities": [
        [
            0.3333333333333333,
            0.3333333333333333,
            0.3333333333333333
        ],
        [
            0.3333333333333333,
            0.3333333333333333,
            0.3333333333333333
        ],
        [
            0.3333333333333333,
            0.3333333333333333,
            0.3333333333333333
        ],
        [
            0.3333333333333333,
            0.3333333333333333,
            0.3333333333333333
        ],
        [
            0.3333333333333333,
            0.3333333333333333,
            0.3333333333333333
        ],
        [
            0.3333333333333333,
            0.3333333333333333,
            0.3333333333333333
        ],
        [
            0.3333333333333333,
            0.3333333333333333,
            0.3333333333333333
        ],
        [
            0.3333333333333333,
            0.3333333333333333,
            0.3333333333333333
        ],
        [
            0.3333333333333333,
            0.3333333333333333,
            0.3333333333333333
        ],
        [
            0.3333333333333333,
            0.3333333333333333,
            0.3333333333333333
        ],
        [
            0.3333333333333333,
            0.3333333333333333,
            0.3333333333333333
        ],
        [
            0.3333333333333333,
            0.3333333333333333,
            0.3333333333333333
        ],
        [
            0.3333333333333333,
            0.3333333333333333,
            0.3333333333333333
        ],
        [
            0.3333333333333333,
            0.3333333333333333,
            0.3333333333333333
        ],
        [
            0.3333333333333333,
            0.3333333333333333,
            0.3333333333333333
        ],
        [
            0.3333333333333333,
            0.3333333333333333,
            0.3333333333333333
        ],
        [
            0.3333333333333333,
            0.3333333333333333,
            0.3333333333333333
        ],
        [
            0.3333333333333333,
            0.3333333333333333,
            0.3333333333333333
        ],
        [
            0.3333333333333333,
            0.3333333333333333,
            0.3333333333333333
        ],
        [
            0.3333333333333333,
            0.3333333333333333,
            0.3333333333333333
        ],
        [
            0.3333333333333333,
            0.3333333333333333,
            0.3333333333333333
        ],
        [
            0.3333333333333333,
            0.3333333333333333,
            0.3333333333333333
        ],
        [
            0.3333333333333333,
            0.3333333333333333,
            0.3333333333333333
        ],
        [
            0.3333333333333333,
            0.3333333333333333,
            0.3333333333333333
        ],
        [
            0.3333333333333333,
            0.3333333333333333,
            0.3333333333333333
        ],
        [
            0.3333333333333333,
            0.3333333333333333,
            0.3333333333333333
        ],
        [
            0.3333333333333333,
            0.3333333333333333,
            0.3333333333333333
        ],
        [
            0.3333333333333333,
            0.3333333333333333,
            0.3333333333333333
        ],
        [
            0.3333333333333333,
            0.3333333333333333,
            0.3333333333333333
        ],
        [
            0.3333333333333333,
            0.3333333333333333,
            0.3333333333333333
        ]
    ],
    "validation": {
        "all_beliefs_valid": true,
        "actions_in_range": true,
        "beliefs_sum_to_one": true
    },
    "model_name": "Multi Armed Bandit Agent",
    "preferences": [
        0.0,
        1.0,
        3.0
    ],
    "beliefs": [
        [
            0.09090909090909094,
            0.4545454545454546,
            0.4545454545454546
        ],
        [
            0.11111111111111112,
            0.5079365079365079,
            0.38095238095238093
        ],
        [
            0.12445862776384771,
            0.5534533850011397,
            0.32208798723501253
        ],
        [
            0.13275900583716163,
            0.5913306980312935,
            0.27591029613154494
        ],
        [
            0.037447553056674646,
            0.6354098220790632,
            0.3271426248642622
        ],
        [
            0.017512530180988476,
            0.6314348093373521,
            0.3510526604816594
        ],
        [
            0.013687635013793886,
            0.6188428022372363,
            0.36746956274896975
        ],
        [
            0.012966231607766596,
            0.6058914291720691,
            0.38114233922016433
        ],
        [
            0.012830611832194293,
            0.5940052934792425,
            0.39316409468856334
        ],
        [
            0.01280513169789646,
            0.5833270002385831,
            0.4038678680635205
        ],
        [
            0.01280034506204694,
            0.5737750946312178,
            0.41342456030673524
        ],
        [
            0.012799445875771599,
            0.5652383307249226,
            0.4219622233993058
        ],
        [
            0.012799276961173318,
            0.5576102191180854,
            0.42959050392074133
        ],
        [
            0.05182740611844807,
            0.5947484020442801,
            0.35342419183727175
        ],
        [
            0.020341183293785422,
            0.6007371916792688,
            0.3789216250269458
        ],
        [
            0.014223690957565928,
            0.5925233316668423,
            0.39325297737559184
        ],
        [
            0.05241672163431142,
            0.6231853301087301,
            0.3243979482569584
        ],
        [
            0.07924184804018042,
            0.647770831151094,
            0.27298732080872556
        ],
        [
            0.025903003584404175,
            0.6628351217433202,
            0.3112618746722756
        ],
        [
            0.2580256444444444,
            0.36628911068039544,
            0.3756852448751602
        ],
        [
            0.06865702662899337,
            0.46058144157217507,
            0.47076153179883157
        ],
        [
            0.0944576386357767,
            0.5131424857099101,
            0.3923998756543133
        ],
        [
            0.029089870512865386,
            0.5427417317334305,
            0.4281683977537041
        ],
        [
            0.01589553047393412,
            0.5438419483714342,
            0.4402625211546318
        ],
        [
            0.05424806132667275,
            0.5834019476559109,
            0.36234999101741644
        ],
        [
            0.02082324205598345,
            0.5913605918234232,
            0.38781616612059355
        ],
        [
            0.01431526299615913,
            0.5843021958006979,
            0.40138254120314293
        ],
        [
            0.052585837216303936,
            0.6165320041019435,
            0.33088215868175247
        ],
        [
            0.07948789461564898,
            0.6424665011066574,
            0.27804560427769365
        ],
        [
            0.09807693668001524,
            0.6630484155702503,
            0.23887464774973444
        ]
    ]
}