{
  "success": true,
  "framework": "PyMDP",
  "model_name": "Deep Planning Horizon POMDP",
  "num_timesteps": 15,
  "simulation_trace": {
    "observations": [
      0,
      0,
      0,
      1,
      0,
      1,
      2,
      2,
      1,
      3,
      3,
      2,
      1,
      3,
      3
    ],
    "true_states": [
      0,
      0,
      0,
      1,
      1,
      1,
      2,
      2,
      3,
      3,
      3,
      2,
      1,
      3,
      3
    ],
    "beliefs": [
      [
        0.8999999999999998,
        0.050000000000000065,
        0.025000000000000095,
        0.025000000000000095
      ],
      [
        0.9791755206119847,
        0.011049723756906106,
        0.004887377815554634,
        0.004887377815554634
      ],
      [
        0.983347798336468,
        0.00847300222547172,
        0.004089599719030001,
        0.004089599719030001
      ],
      [
        0.25708501107365245,
        0.7047425328655077,
        0.019086228030419962,
        0.019086228030419962
      ],
      [
        0.87827293604705,
        0.10033852324035214,
        0.010694270356299015,
        0.010694270356299015
      ],
      [
        0.17333631643567413,
        0.7972427568205211,
        0.014710463371902294,
        0.014710463371902294
      ],
      [
        0.04148278286332478,
        0.1176038073242313,
        0.7966548092959993,
        0.044258600516444514
      ],
      [
        0.005847905944431351,
        0.007986506802835256,
        0.9743138035792613,
        0.011851783673472152
      ],
      [
        0.04338874615361245,
        0.7906791738813599,
        0.1434826961004953,
        0.022449383864532397
      ],
      [
        0.02443676117272434,
        0.11137266757885982,
        0.07216234805906478,
        0.7920282231893511
      ],
      [
        0.0038510418004617446,
        0.003907484280555956,
        0.005790753486876799,
        0.9864507204321055
      ],
      [
        0.0006982731211120207,
        0.000741567977013032,
        0.676937023834925,
        0.32162313506694984
      ],
      [
        0.04350915956328935,
        0.7833674654083164,
        0.10965405187237962,
        0.06346932315601451
      ],
      [
        0.02102231889047792,
        0.09502482202433292,
        0.05527659736489595,
        0.8286762617202933
      ],
      [
        0.001040757699889183,
        0.0033340050097378044,
        0.009712120598118676,
        0.9859131166922543
      ]
    ],
    "actions": [
      3,
      3,
      3,
      3,
      3,
      3,
      3,
      3,
      3,
      0,
      1,
      3,
      3,
      1,
      1
    ],
    "efe_history": [
      [
        -2.56033003728326,
        -2.338714761247858,
        -2.344389888016529,
        -1.9676132945343527
      ],
      [
        -2.784514014095258,
        -2.5345717996755583,
        -2.524592107557141,
        -2.077612907695899
      ],
      [
        -2.7959192371730643,
        -2.5449872914170752,
        -2.53398047161487,
        -2.083203262099704
      ],
      [
        -2.1185339123373232,
        -2.135102041419841,
        -1.8132679800829121,
        -1.719125312108996
      ],
      [
        -2.588252977729663,
        -2.354289360427056,
        -2.3433155844098996,
        -1.9729066294681663
      ],
      [
        -2.1684138589245956,
        -2.2170711801405045,
        -1.831471027446053,
        -1.742920549087675
      ],
      [
        -1.7987522775795666,
        -1.970307411077493,
        -1.6967002297243452,
        -1.6163681123411198
      ],
      [
        -2.1086164727236727,
        -2.287972643251679,
        -1.9511072069335589,
        -1.7724047171247634
      ],
      [
        -2.0359694663270584,
        -2.0929085124011206,
        -1.7380228134659532,
        -1.6748647190662433
      ],
      [
        -0.5188678069899216,
        -0.5202539712613554,
        -0.5847694418020923,
        -0.6561874708417503
      ],
      [
        -0.4877439969695176,
        -0.47388360989040623,
        -0.5005212374279012,
        -0.5391385571787893
      ],
      [
        -1.3255195727131257,
        -1.4233640816525055,
        -1.2539429376390998,
        -1.233798265884118
      ],
      [
        -1.9288973553408137,
        -1.977248872881313,
        -1.6676289387233938,
        -1.6125660273075433
      ],
      [
        -0.5011659512042237,
        -0.49746460656262104,
        -0.5643092413078126,
        -0.6307631154056949
      ],
      [
        -0.4853274794389425,
        -0.4771561851383548,
        -0.49765326225612405,
        -0.5388626401929476
      ]
    ],
    "belief_confidence": [
      0.8999999999999998,
      0.9791755206119847,
      0.983347798336468,
      0.7047425328655077,
      0.87827293604705,
      0.7972427568205211,
      0.7966548092959993,
      0.9743138035792613,
      0.7906791738813599,
      0.7920282231893511,
      0.9864507204321055,
      0.676937023834925,
      0.7833674654083164,
      0.8286762617202933,
      0.9859131166922543
    ]
  },
  "observations": [
    0,
    0,
    0,
    1,
    0,
    1,
    2,
    2,
    1,
    3,
    3,
    2,
    1,
    3,
    3
  ],
  "true_states": [
    0,
    0,
    0,
    1,
    1,
    1,
    2,
    2,
    3,
    3,
    3,
    2,
    1,
    3,
    3
  ],
  "beliefs": [
    [
      0.8999999999999998,
      0.050000000000000065,
      0.025000000000000095,
      0.025000000000000095
    ],
    [
      0.9791755206119847,
      0.011049723756906106,
      0.004887377815554634,
      0.004887377815554634
    ],
    [
      0.983347798336468,
      0.00847300222547172,
      0.004089599719030001,
      0.004089599719030001
    ],
    [
      0.25708501107365245,
      0.7047425328655077,
      0.019086228030419962,
      0.019086228030419962
    ],
    [
      0.87827293604705,
      0.10033852324035214,
      0.010694270356299015,
      0.010694270356299015
    ],
    [
      0.17333631643567413,
      0.7972427568205211,
      0.014710463371902294,
      0.014710463371902294
    ],
    [
      0.04148278286332478,
      0.1176038073242313,
      0.7966548092959993,
      0.044258600516444514
    ],
    [
      0.005847905944431351,
      0.007986506802835256,
      0.9743138035792613,
      0.011851783673472152
    ],
    [
      0.04338874615361245,
      0.7906791738813599,
      0.1434826961004953,
      0.022449383864532397
    ],
    [
      0.02443676117272434,
      0.11137266757885982,
      0.07216234805906478,
      0.7920282231893511
    ],
    [
      0.0038510418004617446,
      0.003907484280555956,
      0.005790753486876799,
      0.9864507204321055
    ],
    [
      0.0006982731211120207,
      0.000741567977013032,
      0.676937023834925,
      0.32162313506694984
    ],
    [
      0.04350915956328935,
      0.7833674654083164,
      0.10965405187237962,
      0.06346932315601451
    ],
    [
      0.02102231889047792,
      0.09502482202433292,
      0.05527659736489595,
      0.8286762617202933
    ],
    [
      0.001040757699889183,
      0.0033340050097378044,
      0.009712120598118676,
      0.9859131166922543
    ]
  ],
  "actions": [
    3,
    3,
    3,
    3,
    3,
    3,
    3,
    3,
    3,
    0,
    1,
    3,
    3,
    1,
    1
  ],
  "model_parameters": {
    "A_shape": [
      4,
      4
    ],
    "B_shape": [
      4,
      4,
      4
    ],
    "C_shape": [
      4
    ],
    "D_shape": [
      4
    ],
    "num_states": 4,
    "num_observations": 4,
    "num_actions": 4
  },
  "metrics": {
    "expected_free_energy": [
      [
        -2.56033003728326,
        -2.338714761247858,
        -2.344389888016529,
        -1.9676132945343527
      ],
      [
        -2.784514014095258,
        -2.5345717996755583,
        -2.524592107557141,
        -2.077612907695899
      ],
      [
        -2.7959192371730643,
        -2.5449872914170752,
        -2.53398047161487,
        -2.083203262099704
      ],
      [
        -2.1185339123373232,
        -2.135102041419841,
        -1.8132679800829121,
        -1.719125312108996
      ],
      [
        -2.588252977729663,
        -2.354289360427056,
        -2.3433155844098996,
        -1.9729066294681663
      ],
      [
        -2.1684138589245956,
        -2.2170711801405045,
        -1.831471027446053,
        -1.742920549087675
      ],
      [
        -1.7987522775795666,
        -1.970307411077493,
        -1.6967002297243452,
        -1.6163681123411198
      ],
      [
        -2.1086164727236727,
        -2.287972643251679,
        -1.9511072069335589,
        -1.7724047171247634
      ],
      [
        -2.0359694663270584,
        -2.0929085124011206,
        -1.7380228134659532,
        -1.6748647190662433
      ],
      [
        -0.5188678069899216,
        -0.5202539712613554,
        -0.5847694418020923,
        -0.6561874708417503
      ],
      [
        -0.4877439969695176,
        -0.47388360989040623,
        -0.5005212374279012,
        -0.5391385571787893
      ],
      [
        -1.3255195727131257,
        -1.4233640816525055,
        -1.2539429376390998,
        -1.233798265884118
      ],
      [
        -1.9288973553408137,
        -1.977248872881313,
        -1.6676289387233938,
        -1.6125660273075433
      ],
      [
        -0.5011659512042237,
        -0.49746460656262104,
        -0.5643092413078126,
        -0.6307631154056949
      ],
      [
        -0.4853274794389425,
        -0.4771561851383548,
        -0.49765326225612405,
        -0.5388626401929476
      ]
    ],
    "belief_confidence": [
      0.8999999999999998,
      0.9791755206119847,
      0.983347798336468,
      0.7047425328655077,
      0.87827293604705,
      0.7972427568205211,
      0.7966548092959993,
      0.9743138035792613,
      0.7906791738813599,
      0.7920282231893511,
      0.9864507204321055,
      0.676937023834925,
      0.7833674654083164,
      0.8286762617202933,
      0.9859131166922543
    ],
    "cumulative_preference": [
      -1.0,
      -1.0,
      -1.0,
      -0.5,
      -1.0,
      -0.5,
      -0.5,
      -0.5,
      -0.5,
      2.0,
      2.0,
      -0.5,
      -0.5,
      2.0,
      2.0
    ]
  },
  "validation": {
    "all_beliefs_valid": true,
    "beliefs_sum_to_one": true,
    "actions_in_range": true
  }
}