{
  "success": true,
  "framework": "PyMDP",
  "model_name": "Deep Planning Horizon POMDP",
  "num_timesteps": 15,
  "simulation_trace": {
    "observations": [
      1,
      1,
      1,
      1,
      1,
      0,
      0,
      0,
      0,
      0,
      3,
      2,
      3,
      3,
      3
    ],
    "true_states": [
      1,
      1,
      1,
      1,
      1,
      0,
      0,
      0,
      0,
      0,
      0,
      0,
      3,
      3,
      3
    ],
    "beliefs": [
      [
        0.050000000000000065,
        0.8999999999999998,
        0.025000000000000095,
        0.025000000000000095
      ],
      [
        0.011049723756906106,
        0.9791755206119847,
        0.004887377815554634,
        0.004887377815554634
      ],
      [
        0.00847300222547172,
        0.983347798336468,
        0.004089599719030001,
        0.004089599719030001
      ],
      [
        0.00832169382148648,
        0.9835648880365784,
        0.004056709070967471,
        0.004056709070967471
      ],
      [
        0.008313033746912224,
        0.9835765457660647,
        0.004055210243511634,
        0.004055210243511638
      ],
      [
        0.704521724391431,
        0.257290585256229,
        0.01909384517616992,
        0.01909384517616992
      ],
      [
        0.9625735871544536,
        0.02602384264045492,
        0.005701285102545604,
        0.005701285102545604
      ],
      [
        0.9823569811380141,
        0.00931259689258473,
        0.004165210984700633,
        0.004165210984700633
      ],
      [
        0.9835081441860665,
        0.008368314324420409,
        0.004061770744756648,
        0.004061770744756648
      ],
      [
        0.9835733338126954,
        0.008315631587418706,
        0.004055517299942934,
        0.004055517299942934
      ],
      [
        0.14722760515933858,
        0.02239726031653368,
        0.0437039544486384,
        0.7866711800754893
      ],
      [
        0.0230224353936001,
        0.004190838077651222,
        0.7258167522017752,
        0.24696997432697346
      ],
      [
        0.011134320629280901,
        0.010028948521975212,
        0.10477351027620792,
        0.8740632205725359
      ],
      [
        0.0033601385775440377,
        0.00034969775844806216,
        0.006573482419087424,
        0.9897166812449205
      ],
      [
        9.473014786999818e-05,
        3.0102020261338737e-05,
        0.0064960641366100585,
        0.9933791036952586
      ]
    ],
    "actions": [
      3,
      3,
      3,
      3,
      3,
      3,
      3,
      3,
      3,
      3,
      1,
      3,
      0,
      1,
      1
    ],
    "efe_history": [
      [
        -2.198464761247859,
        -2.267080037283261,
        -1.8449146094743472,
        -1.7508632945343534
      ],
      [
        -2.371038013020225,
        -2.4543036443545025,
        -1.9559957482149457,
        -1.830740829497854
      ],
      [
        -2.380003754504301,
        -2.4637166280692306,
        -1.961898878866498,
        -1.8346101890914004
      ],
      [
        -2.380443182214242,
        -2.4641677318397446,
        -1.96219241876793,
        -1.8347943257497747
      ],
      [
        -2.380465862203041,
        -2.464190698769328,
        -1.9622077001484632,
        -1.8348036630597973
      ],
      [
        -2.327498569426855,
        -2.1539966968842377,
        -2.092998805590919,
        -1.8331342795554746
      ],
      [
        -2.750484201234611,
        -2.50077830181911,
        -2.4931506919203605,
        -2.0593738945050912
      ],
      [
        -2.7937218996882653,
        -2.5428038199395995,
        -2.5320072019974527,
        -2.0820511900085092
      ],
      [
        -2.796346150090661,
        -2.5453821992049575,
        -2.5343358032472194,
        -2.0834141543275253
      ],
      [
        -2.796496709069095,
        -2.545529570031173,
        -2.5344686938817693,
        -2.083492023400577
      ],
      [
        -0.6253178250675966,
        -0.5605378435290675,
        -0.6551469116627365,
        -0.6948889871235281
      ],
      [
        -1.4553357393600153,
        -1.5529114738379637,
        -1.3877551496236282,
        -1.3384568342517564
      ],
      [
        -0.5055138184642635,
        -0.5304736029457665,
        -0.527330611739807,
        -0.6054844941510941
      ],
      [
        -0.48975355288134537,
        -0.4773188526863424,
        -0.4988947046603914,
        -0.5376567168377399
      ],
      [
        -0.48792947818901,
        -0.4789822868262468,
        -0.49646079134600185,
        -0.5352669072544273
      ]
    ],
    "belief_confidence": [
      0.8999999999999998,
      0.9791755206119847,
      0.983347798336468,
      0.9835648880365784,
      0.9835765457660647,
      0.704521724391431,
      0.9625735871544536,
      0.9823569811380141,
      0.9835081441860665,
      0.9835733338126954,
      0.7866711800754893,
      0.7258167522017752,
      0.8740632205725359,
      0.9897166812449205,
      0.9933791036952586
    ]
  },
  "observations": [
    1,
    1,
    1,
    1,
    1,
    0,
    0,
    0,
    0,
    0,
    3,
    2,
    3,
    3,
    3
  ],
  "true_states": [
    1,
    1,
    1,
    1,
    1,
    0,
    0,
    0,
    0,
    0,
    0,
    0,
    3,
    3,
    3
  ],
  "beliefs": [
    [
      0.050000000000000065,
      0.8999999999999998,
      0.025000000000000095,
      0.025000000000000095
    ],
    [
      0.011049723756906106,
      0.9791755206119847,
      0.004887377815554634,
      0.004887377815554634
    ],
    [
      0.00847300222547172,
      0.983347798336468,
      0.004089599719030001,
      0.004089599719030001
    ],
    [
      0.00832169382148648,
      0.9835648880365784,
      0.004056709070967471,
      0.004056709070967471
    ],
    [
      0.008313033746912224,
      0.9835765457660647,
      0.004055210243511634,
      0.004055210243511638
    ],
    [
      0.704521724391431,
      0.257290585256229,
      0.01909384517616992,
      0.01909384517616992
    ],
    [
      0.9625735871544536,
      0.02602384264045492,
      0.005701285102545604,
      0.005701285102545604
    ],
    [
      0.9823569811380141,
      0.00931259689258473,
      0.004165210984700633,
      0.004165210984700633
    ],
    [
      0.9835081441860665,
      0.008368314324420409,
      0.004061770744756648,
      0.004061770744756648
    ],
    [
      0.9835733338126954,
      0.008315631587418706,
      0.004055517299942934,
      0.004055517299942934
    ],
    [
      0.14722760515933858,
      0.02239726031653368,
      0.0437039544486384,
      0.7866711800754893
    ],
    [
      0.0230224353936001,
      0.004190838077651222,
      0.7258167522017752,
      0.24696997432697346
    ],
    [
      0.011134320629280901,
      0.010028948521975212,
      0.10477351027620792,
      0.8740632205725359
    ],
    [
      0.0033601385775440377,
      0.00034969775844806216,
      0.006573482419087424,
      0.9897166812449205
    ],
    [
      9.473014786999818e-05,
      3.0102020261338737e-05,
      0.0064960641366100585,
      0.9933791036952586
    ]
  ],
  "actions": [
    3,
    3,
    3,
    3,
    3,
    3,
    3,
    3,
    3,
    3,
    1,
    3,
    0,
    1,
    1
  ],
  "model_parameters": {
    "A_shape": [
      4,
      4
    ],
    "B_shape": [
      4,
      4,
      4
    ],
    "C_shape": [
      4
    ],
    "D_shape": [
      4
    ],
    "num_states": 4,
    "num_observations": 4,
    "num_actions": 4
  },
  "metrics": {
    "expected_free_energy": [
      [
        -2.198464761247859,
        -2.267080037283261,
        -1.8449146094743472,
        -1.7508632945343534
      ],
      [
        -2.371038013020225,
        -2.4543036443545025,
        -1.9559957482149457,
        -1.830740829497854
      ],
      [
        -2.380003754504301,
        -2.4637166280692306,
        -1.961898878866498,
        -1.8346101890914004
      ],
      [
        -2.380443182214242,
        -2.4641677318397446,
        -1.96219241876793,
        -1.8347943257497747
      ],
      [
        -2.380465862203041,
        -2.464190698769328,
        -1.9622077001484632,
        -1.8348036630597973
      ],
      [
        -2.327498569426855,
        -2.1539966968842377,
        -2.092998805590919,
        -1.8331342795554746
      ],
      [
        -2.750484201234611,
        -2.50077830181911,
        -2.4931506919203605,
        -2.0593738945050912
      ],
      [
        -2.7937218996882653,
        -2.5428038199395995,
        -2.5320072019974527,
        -2.0820511900085092
      ],
      [
        -2.796346150090661,
        -2.5453821992049575,
        -2.5343358032472194,
        -2.0834141543275253
      ],
      [
        -2.796496709069095,
        -2.545529570031173,
        -2.5344686938817693,
        -2.083492023400577
      ],
      [
        -0.6253178250675966,
        -0.5605378435290675,
        -0.6551469116627365,
        -0.6948889871235281
      ],
      [
        -1.4553357393600153,
        -1.5529114738379637,
        -1.3877551496236282,
        -1.3384568342517564
      ],
      [
        -0.5055138184642635,
        -0.5304736029457665,
        -0.527330611739807,
        -0.6054844941510941
      ],
      [
        -0.48975355288134537,
        -0.4773188526863424,
        -0.4988947046603914,
        -0.5376567168377399
      ],
      [
        -0.48792947818901,
        -0.4789822868262468,
        -0.49646079134600185,
        -0.5352669072544273
      ]
    ],
    "belief_confidence": [
      0.8999999999999998,
      0.9791755206119847,
      0.983347798336468,
      0.9835648880365784,
      0.9835765457660647,
      0.704521724391431,
      0.9625735871544536,
      0.9823569811380141,
      0.9835081441860665,
      0.9835733338126954,
      0.7866711800754893,
      0.7258167522017752,
      0.8740632205725359,
      0.9897166812449205,
      0.9933791036952586
    ],
    "cumulative_preference": [
      -0.5,
      -0.5,
      -0.5,
      -0.5,
      -0.5,
      -1.0,
      -1.0,
      -1.0,
      -1.0,
      -1.0,
      2.0,
      -0.5,
      2.0,
      2.0,
      2.0
    ]
  },
  "validation": {
    "all_beliefs_valid": true,
    "beliefs_sum_to_one": true,
    "actions_in_range": true
  }
}