{
  "success": true,
  "framework": "PyMDP",
  "model_name": "Deep Planning Horizon POMDP",
  "num_timesteps": 15,
  "simulation_trace": {
    "observations": [
      0,
      0,
      1,
      0,
      3,
      2,
      2,
      1,
      1,
      1,
      0,
      0,
      0,
      0,
      3
    ],
    "true_states": [
      0,
      0,
      1,
      1,
      3,
      3,
      2,
      1,
      1,
      1,
      0,
      0,
      0,
      0,
      3
    ],
    "beliefs": [
      [
        0.8999999999999998,
        0.050000000000000065,
        0.025000000000000095,
        0.025000000000000095
      ],
      [
        0.9791755206119847,
        0.011049723756906106,
        0.004887377815554634,
        0.004887377815554634
      ],
      [
        0.253713084801054,
        0.7083013127146687,
        0.018992801242138684,
        0.018992801242138684
      ],
      [
        0.8770638076892079,
        0.10141660208194102,
        0.010759795114425595,
        0.010759795114425595
      ],
      [
        0.12959125582799796,
        0.03328565019148925,
        0.04405911020950078,
        0.7930639837710121
      ],
      [
        0.02036579491509126,
        0.005833825250832873,
        0.7270501677832464,
        0.24675021205082948
      ],
      [
        0.005606459624086245,
        0.005170851278390081,
        0.9644376328688518,
        0.024785056228671925
      ],
      [
        0.043873062035053347,
        0.7877182497781083,
        0.14403003582196303,
        0.02437865236487529
      ],
      [
        0.011935129245043558,
        0.9738434316198358,
        0.008806426518826316,
        0.005415012616294428
      ],
      [
        0.008553086444457885,
        0.9831248639425133,
        0.004201627780478366,
        0.00412042183255041
      ],
      [
        0.7048615147631391,
        0.2569610717516887,
        0.01909324381884219,
        0.0190841696663299
      ],
      [
        0.9626073994664316,
        0.025994390868675377,
        0.005699244033120724,
        0.005698965631772305
      ],
      [
        0.9823590018204322,
        0.009310913869659003,
        0.004165045518595934,
        0.004165038791312778
      ],
      [
        0.9835082593188545,
        0.008368220555087569,
        0.00406176014300421,
        0.004061759983053751
      ],
      [
        0.14721504105728525,
        0.02240334711411736,
        0.04370429539819022,
        0.7866773164304072
      ]
    ],
    "actions": [
      3,
      3,
      3,
      3,
      1,
      3,
      3,
      3,
      3,
      3,
      3,
      3,
      3,
      3,
      1
    ],
    "efe_history": [
      [
        -2.56033003728326,
        -2.338714761247858,
        -2.344389888016529,
        -1.9676132945343527
      ],
      [
        -2.784514014095258,
        -2.5345717996755583,
        -2.524592107557141,
        -2.077612907695899
      ],
      [
        -2.1195717666268514,
        -2.1374752752188035,
        -1.8132857346903313,
        -1.7196198308801844
      ],
      [
        -2.58611723941979,
        -2.35247716166116,
        -2.3413151408794777,
        -1.9717631157343902
      ],
      [
        -0.6029339293841904,
        -0.5433128165463427,
        -0.6391971747832306,
        -0.6834152420925416
      ],
      [
        -1.4561369873450585,
        -1.5557469030291071,
        -1.3871056214572088,
        -1.3387742695090856
      ],
      [
        -2.075299554333127,
        -2.2449735546072365,
        -1.9218705323591792,
        -1.7484896321804486
      ],
      [
        -2.027296030026636,
        -2.0838454299343434,
        -1.7325014840122095,
        -1.6703893551703093
      ],
      [
        -2.3598566831151877,
        -2.4405730583486904,
        -1.9485406137140515,
        -1.8255014725455094
      ],
      [
        -2.3795275089959493,
        -2.4631654729540173,
        -1.9615825361986143,
        -1.8343950864386191
      ],
      [
        -2.327884464974458,
        -2.154248751771586,
        -2.0934009920418157,
        -1.8333469127266435
      ],
      [
        -2.7505550565446533,
        -2.500846484118806,
        -2.493215405320415,
        -2.059411523398988
      ],
      [
        -2.7937264483913307,
        -2.542808306164367,
        -2.532011264323493,
        -2.082053564854368
      ],
      [
        -2.7963464144406314,
        -2.5453824585796894,
        -2.5343360372845334,
        -2.083414291384582
      ],
      [
        -0.6253013088115748,
        -0.5605247735018275,
        -0.6551343712724548,
        -0.6948796509114156
      ]
    ],
    "belief_confidence": [
      0.8999999999999998,
      0.9791755206119847,
      0.7083013127146687,
      0.8770638076892079,
      0.7930639837710121,
      0.7270501677832464,
      0.9644376328688518,
      0.7877182497781083,
      0.9738434316198358,
      0.9831248639425133,
      0.7048615147631391,
      0.9626073994664316,
      0.9823590018204322,
      0.9835082593188545,
      0.7866773164304072
    ]
  },
  "observations": [
    0,
    0,
    1,
    0,
    3,
    2,
    2,
    1,
    1,
    1,
    0,
    0,
    0,
    0,
    3
  ],
  "true_states": [
    0,
    0,
    1,
    1,
    3,
    3,
    2,
    1,
    1,
    1,
    0,
    0,
    0,
    0,
    3
  ],
  "beliefs": [
    [
      0.8999999999999998,
      0.050000000000000065,
      0.025000000000000095,
      0.025000000000000095
    ],
    [
      0.9791755206119847,
      0.011049723756906106,
      0.004887377815554634,
      0.004887377815554634
    ],
    [
      0.253713084801054,
      0.7083013127146687,
      0.018992801242138684,
      0.018992801242138684
    ],
    [
      0.8770638076892079,
      0.10141660208194102,
      0.010759795114425595,
      0.010759795114425595
    ],
    [
      0.12959125582799796,
      0.03328565019148925,
      0.04405911020950078,
      0.7930639837710121
    ],
    [
      0.02036579491509126,
      0.005833825250832873,
      0.7270501677832464,
      0.24675021205082948
    ],
    [
      0.005606459624086245,
      0.005170851278390081,
      0.9644376328688518,
      0.024785056228671925
    ],
    [
      0.043873062035053347,
      0.7877182497781083,
      0.14403003582196303,
      0.02437865236487529
    ],
    [
      0.011935129245043558,
      0.9738434316198358,
      0.008806426518826316,
      0.005415012616294428
    ],
    [
      0.008553086444457885,
      0.9831248639425133,
      0.004201627780478366,
      0.00412042183255041
    ],
    [
      0.7048615147631391,
      0.2569610717516887,
      0.01909324381884219,
      0.0190841696663299
    ],
    [
      0.9626073994664316,
      0.025994390868675377,
      0.005699244033120724,
      0.005698965631772305
    ],
    [
      0.9823590018204322,
      0.009310913869659003,
      0.004165045518595934,
      0.004165038791312778
    ],
    [
      0.9835082593188545,
      0.008368220555087569,
      0.00406176014300421,
      0.004061759983053751
    ],
    [
      0.14721504105728525,
      0.02240334711411736,
      0.04370429539819022,
      0.7866773164304072
    ]
  ],
  "actions": [
    3,
    3,
    3,
    3,
    1,
    3,
    3,
    3,
    3,
    3,
    3,
    3,
    3,
    3,
    1
  ],
  "model_parameters": {
    "A_shape": [
      4,
      4
    ],
    "B_shape": [
      4,
      4,
      4
    ],
    "C_shape": [
      4
    ],
    "D_shape": [
      4
    ],
    "num_states": 4,
    "num_observations": 4,
    "num_actions": 4
  },
  "metrics": {
    "expected_free_energy": [
      [
        -2.56033003728326,
        -2.338714761247858,
        -2.344389888016529,
        -1.9676132945343527
      ],
      [
        -2.784514014095258,
        -2.5345717996755583,
        -2.524592107557141,
        -2.077612907695899
      ],
      [
        -2.1195717666268514,
        -2.1374752752188035,
        -1.8132857346903313,
        -1.7196198308801844
      ],
      [
        -2.58611723941979,
        -2.35247716166116,
        -2.3413151408794777,
        -1.9717631157343902
      ],
      [
        -0.6029339293841904,
        -0.5433128165463427,
        -0.6391971747832306,
        -0.6834152420925416
      ],
      [
        -1.4561369873450585,
        -1.5557469030291071,
        -1.3871056214572088,
        -1.3387742695090856
      ],
      [
        -2.075299554333127,
        -2.2449735546072365,
        -1.9218705323591792,
        -1.7484896321804486
      ],
      [
        -2.027296030026636,
        -2.0838454299343434,
        -1.7325014840122095,
        -1.6703893551703093
      ],
      [
        -2.3598566831151877,
        -2.4405730583486904,
        -1.9485406137140515,
        -1.8255014725455094
      ],
      [
        -2.3795275089959493,
        -2.4631654729540173,
        -1.9615825361986143,
        -1.8343950864386191
      ],
      [
        -2.327884464974458,
        -2.154248751771586,
        -2.0934009920418157,
        -1.8333469127266435
      ],
      [
        -2.7505550565446533,
        -2.500846484118806,
        -2.493215405320415,
        -2.059411523398988
      ],
      [
        -2.7937264483913307,
        -2.542808306164367,
        -2.532011264323493,
        -2.082053564854368
      ],
      [
        -2.7963464144406314,
        -2.5453824585796894,
        -2.5343360372845334,
        -2.083414291384582
      ],
      [
        -0.6253013088115748,
        -0.5605247735018275,
        -0.6551343712724548,
        -0.6948796509114156
      ]
    ],
    "belief_confidence": [
      0.8999999999999998,
      0.9791755206119847,
      0.7083013127146687,
      0.8770638076892079,
      0.7930639837710121,
      0.7270501677832464,
      0.9644376328688518,
      0.7877182497781083,
      0.9738434316198358,
      0.9831248639425133,
      0.7048615147631391,
      0.9626073994664316,
      0.9823590018204322,
      0.9835082593188545,
      0.7866773164304072
    ],
    "cumulative_preference": [
      -1.0,
      -1.0,
      -0.5,
      -1.0,
      2.0,
      -0.5,
      -0.5,
      -0.5,
      -0.5,
      -0.5,
      -1.0,
      -1.0,
      -1.0,
      -1.0,
      2.0
    ]
  },
  "validation": {
    "all_beliefs_valid": true,
    "beliefs_sum_to_one": true,
    "actions_in_range": true
  }
}