{
  "framework": "activeinference_jl",
  "model_name": "multi_armed_bandit",
  "script_name": "Multi Armed Bandit Agent_activeinference.jl",
  "script_path": "output/11_render_output/multi_armed_bandit/activeinference_jl/Multi Armed Bandit Agent_activeinference.jl",
  "success": true,
  "return_code": 0,
  "execution_time": 13.617882,
  "timestamp": "2026-05-12T07:33:18.717935",
  "simulation_data": {
    "traces": [],
    "free_energy": [],
    "states": [],
    "observations": [],
    "actions": [],
    "policy": [],
    "raw_output": "\ud83d\udce6 Ensuring required packages are installed...\n\u2705 Package installation complete\n======================================================================\nActiveInference.jl Script for GNN Model: Multi Armed Bandit Agent\n======================================================================\nJulia version: 1.12.6\nDate: 2026-05-12T07:33:27.305\nModel dimensions: States=3, Observations=3, Actions=3\n\n\ud83d\udcc1 Output directory: activeinference_outputs_2026-05-12_07-33-27\n\ud83d\udd27 Creating model matrices from GNN specification...\n\u2705 A matrix created: (3, 3)\n\u2705 B matrix created: (3, 3, 3)\n\u2705 C vector created: 3\n\u2705 D vector created: 3\n\u2705 E vector created: 3 (matches 3 policies)\n\ud83d\udd27 Normalizing matrices...\n\u2705 All matrices normalized\n\ud83e\udd16 Creating ActiveInference.jl agent...\n\u2705 Agent initialized successfully\n\ud83d\ude80 Running simulation...\nStep 5: obs=1, action=1, belief=0.08\nStep 10: obs=2, action=2, belief=0.176\nStep 15: obs=1, action=3, belief=0.209\nStep 20: obs=1, action=3, belief=0.071\nStep 25: obs=2, action=1, belief=0.13\nStep 30: obs=2, action=3, belief=0.317\n\u2705 Simulation completed: 30 timesteps\n\ud83d\udcca Visualizations will be generated by the analysis step\n\ud83d\udcbe Saving results...\n\ud83d\udd0d Running validation checks...\n\u2705 Validation: beliefs_valid=true, sum_to_one=true, actions_valid=true\n======================================================================\n\u2705 Simulation completed successfully!\n======================================================================\n\ud83d\udcca Results saved to: activeinference_outputs_2026-05-12_07-33-27\n\ud83d\udcc8 Final belief: 0.317\n\ud83c\udfaf Action distribution: Dict{Any, Int64}(2 => 10, 3 => 10, 1 => 10)\n\u2705 Validation: ALL CHECKS PASSED\n\nActiveInference.jl script completed!\nModel: Multi Armed Bandit Agent\n",
    "raw_error": "   Resolving package versions...\n     Project No packages added to or removed from `~/.julia/environments/v1.12/Project.toml`\n    Manifest No packages added to or removed from `~/.julia/environments/v1.12/Manifest.toml`\n",
    "beliefs": [
      [
        0.22624680632922126,
        0.38687659683538944,
        0.38687659683538944
      ],
      [
        0.15755458435478786,
        0.42122270782260607,
        0.42122270782260607
      ],
      [
        0.11645045059250243,
        0.44177477470374876,
        0.44177477470374876
      ],
      [
        0.09287041932236194,
        0.45356479033881897,
        0.45356479033881897
      ],
      [
        0.07966962858965605,
        0.460165185705172,
        0.460165185705172
      ],
      [
        0.07238029861781192,
        0.463809850691094,
        0.463809850691094
      ],
      [
        0.10675052094879443,
        0.4680226664719821,
        0.42522681257922357
      ],
      [
        0.13466848624211056,
        0.4716325815946032,
        0.3936989321632862
      ],
      [
        0.1573288763683748,
        0.4747238976416418,
        0.3679472259899834
      ],
      [
        0.1757096509401775,
        0.4773696650523025,
        0.34692068400752013
      ],
      [
        0.28921186762666823,
        0.36387260886430406,
        0.3469155235090277
      ],
      [
        0.2855061875636865,
        0.38165120179713147,
        0.3328426106391821
      ],
      [
        0.19483700951857863,
        0.4261946072600867,
        0.3789683832213347
      ],
      [
        0.3077940426122243,
        0.32387805881098314,
        0.3683278985767926
      ],
      [
        0.20932270536080047,
        0.3736399696894321,
        0.4170373249497675
      ],
      [
        0.14722316150325243,
        0.40601669890588515,
        0.4467601395908624
      ],
      [
        0.1104542540680036,
        0.42609899527397316,
        0.4634467506580231
      ],
      [
        0.0894914183285378,
        0.43837298885323833,
        0.47213559281822404
      ],
      [
        0.07779695701539796,
        0.4459598567047578,
        0.47624318627984424
      ],
      [
        0.07135200976183952,
        0.4508015878515696,
        0.47784640238659093
      ],
      [
        0.06782396091093046,
        0.454040496184005,
        0.4781355429050645
      ],
      [
        0.06589977610754053,
        0.4563305971148296,
        0.47776962677762974
      ],
      [
        0.06485244512869934,
        0.4580426588402174,
        0.47710489603108325
      ],
      [
        0.10067322486368048,
        0.46307678328528606,
        0.4362499918510334
      ],
      [
        0.12977810153343863,
        0.46739425472652973,
        0.40282764374003166
      ],
      [
        0.23625955865312698,
        0.36276528109988393,
        0.4009751602469891
      ],
      [
        0.3488396405008043,
        0.2742753866984353,
        0.3768849728007604
      ],
      [
        0.33691325100024194,
        0.30299543145358127,
        0.36009131754617685
      ],
      [
        0.32627726917798944,
        0.3283355971286228,
        0.34538713369338775
      ],
      [
        0.3168418956569553,
        0.35059355705571316,
        0.3325645472873315
      ]
    ]
  },
  "execution_benchmark_repeats": 1,
  "execution_metadata": {
    "executor": "julia",
    "stdout_length": 1680,
    "stderr_length": 220,
    "output_directory": "output/12_execute_output/multi_armed_bandit/activeinference_jl"
  },
  "execution_time_mean": 13.617882,
  "execution_time_std": 0.0,
  "execution_time_samples": [
    13.617882
  ],
  "collected_outputs": {
    "visualizations": [],
    "simulation_data": [
      "output/12_execute_output/multi_armed_bandit/activeinference_jl/simulation_data/simulation_results.json",
      "output/12_execute_output/multi_armed_bandit/activeinference_jl/simulation_data/model_parameters.json",
      "output/12_execute_output/multi_armed_bandit/activeinference_jl/simulation_data/simulation_results.csv"
    ],
    "traces": [],
    "other": []
  }
}