{
  "framework": "activeinference_jl",
  "model_name": "multi_armed_bandit",
  "script_name": "Multi Armed Bandit Agent_activeinference.jl",
  "script_path": "output/11_render_output/multi_armed_bandit/activeinference_jl/Multi Armed Bandit Agent_activeinference.jl",
  "success": true,
  "return_code": 0,
  "execution_time": 16.078204,
  "timestamp": "2026-03-15T13:56:29.813274",
  "simulation_data": {
    "traces": [],
    "free_energy": [],
    "states": [],
    "observations": [],
    "actions": [],
    "policy": [],
    "raw_output": "\ud83d\udce6 Ensuring required packages are installed...\n\u2705 Package installation complete\n======================================================================\nActiveInference.jl Script for GNN Model: Multi Armed Bandit Agent\n======================================================================\nJulia version: 1.12.1\nDate: 2026-03-15T13:56:39.524\nModel dimensions: States=3, Observations=3, Actions=3\n\n\ud83d\udcc1 Output directory: activeinference_outputs_2026-03-15_13-56-39\n\ud83d\udd27 Creating model matrices from GNN specification...\n\u2705 A matrix created: (3, 3)\n\u2705 B matrix created: (3, 3, 3)\n\u2705 C vector created: 3\n\u2705 D vector created: 3\n\u2705 E vector created: 3 (matches 3 policies)\n\ud83d\udd27 Normalizing matrices...\n\u2705 All matrices normalized\n\ud83e\udd16 Creating ActiveInference.jl agent...\n\u2705 Agent initialized successfully\n\ud83d\ude80 Running simulation...\nStep 5: obs=1, action=1, belief=0.08\nStep 10: obs=2, action=2, belief=0.176\nStep 15: obs=1, action=3, belief=0.209\n\u2705 Simulation completed: 15 timesteps\n\ud83d\udcca Visualizations will be generated by the analysis step\n\ud83d\udcbe Saving results...\n\ud83d\udd0d Running validation checks...\n\u2705 Validation: beliefs_valid=true, sum_to_one=true, actions_valid=true\n======================================================================\n\u2705 Simulation completed successfully!\n======================================================================\n\ud83d\udcca Results saved to: activeinference_outputs_2026-03-15_13-56-39\n\ud83d\udcc8 Final belief: 0.209\n\ud83c\udfaf Action distribution: Dict{Any, Int64}(2 => 5, 3 => 5, 1 => 5)\n\u2705 Validation: ALL CHECKS PASSED\n\nActiveInference.jl script completed!\nModel: Multi Armed Bandit Agent\n",
    "raw_error": "   Resolving package versions...\n     Project No packages added to or removed from `~/.julia/environments/v1.12/Project.toml`\n    Manifest No packages added to or removed from `~/.julia/environments/v1.12/Manifest.toml`\n",
    "beliefs": [
      [
        0.22624680632922126,
        0.38687659683538944,
        0.38687659683538944
      ],
      [
        0.15755458435478786,
        0.42122270782260607,
        0.42122270782260607
      ],
      [
        0.11645045059250243,
        0.44177477470374876,
        0.44177477470374876
      ],
      [
        0.09287041932236194,
        0.45356479033881897,
        0.45356479033881897
      ],
      [
        0.07966962858965605,
        0.460165185705172,
        0.460165185705172
      ],
      [
        0.07238029861781192,
        0.463809850691094,
        0.463809850691094
      ],
      [
        0.10675052094879443,
        0.4680226664719821,
        0.42522681257922357
      ],
      [
        0.13466848624211056,
        0.4716325815946032,
        0.3936989321632862
      ],
      [
        0.1573288763683748,
        0.4747238976416418,
        0.3679472259899834
      ],
      [
        0.1757096509401775,
        0.4773696650523025,
        0.34692068400752013
      ],
      [
        0.28921186762666823,
        0.36387260886430406,
        0.3469155235090277
      ],
      [
        0.2855061875636865,
        0.38165120179713147,
        0.3328426106391821
      ],
      [
        0.19483700951857863,
        0.4261946072600867,
        0.3789683832213347
      ],
      [
        0.3077940426122243,
        0.32387805881098314,
        0.3683278985767926
      ],
      [
        0.20932270536080047,
        0.3736399696894321,
        0.4170373249497675
      ]
    ]
  },
  "execution_metadata": {
    "executor": "julia",
    "stdout_length": 1561,
    "stderr_length": 220,
    "output_directory": "output/12_execute_output/multi_armed_bandit/activeinference_jl"
  },
  "collected_outputs": {
    "visualizations": [],
    "simulation_data": [
      "output/12_execute_output/multi_armed_bandit/activeinference_jl/simulation_data/simulation_results.json",
      "output/12_execute_output/multi_armed_bandit/activeinference_jl/simulation_data/model_parameters.json",
      "output/12_execute_output/multi_armed_bandit/activeinference_jl/simulation_data/simulation_results.csv"
    ],
    "traces": [],
    "other": []
  }
}