{
  "success": true,
  "framework": "PyMDP",
  "model_name": "Deep Planning Horizon POMDP",
  "num_timesteps": 15,
  "simulation_trace": {
    "observations": [
      0,
      1,
      2,
      1,
      3,
      1,
      0,
      3,
      1,
      3,
      3,
      3,
      2,
      2,
      2
    ],
    "true_states": [
      0,
      1,
      1,
      1,
      3,
      3,
      3,
      3,
      3,
      3,
      3,
      3,
      2,
      2,
      2
    ],
    "beliefs": [
      [
        0.8999999999999998,
        0.050000000000000065,
        0.025000000000000095,
        0.025000000000000095
      ],
      [
        0.20678513731825535,
        0.7560581583198706,
        0.018578352180937063,
        0.018578352180937063
      ],
      [
        0.04480263582918807,
        0.11069836552748906,
        0.800051682925253,
        0.044447315718069716
      ],
      [
        0.03650455842309234,
        0.8618347072107653,
        0.08343912344451376,
        0.01822161092162864
      ],
      [
        0.024222050972542073,
        0.122617819981066,
        0.059635169241358,
        0.7935249598050339
      ],
      [
        0.013343775223495193,
        0.8202354863906507,
        0.026056363788300174,
        0.140364374597554
      ],
      [
        0.7237461992841934,
        0.22043989190621197,
        0.021523837935564435,
        0.03429007087403014
      ],
      [
        0.10017759974318767,
        0.04355216255917942,
        0.04234546414685615,
        0.8139247735507767
      ],
      [
        0.07229743028404939,
        0.5979971666050867,
        0.04570588400625686,
        0.28399951910460686
      ],
      [
        0.013537235525397089,
        0.04331794834806324,
        0.024061666788225643,
        0.9190831493383141
      ],
      [
        0.0005484614793495199,
        0.0013746092295253175,
        0.007542745493566549,
        0.9905341837975586
      ],
      [
        1.953216638424196e-05,
        6.163566176705727e-05,
        0.006551732467801978,
        0.9933670997040468
      ],
      [
        4.2570698012862145e-06,
        0.00012741980825832006,
        0.6792655613126739,
        0.3206027618092665
      ],
      [
        0.005247566629462813,
        0.005251444358474153,
        0.9588180272199907,
        0.030682961792072225
      ],
      [
        0.0041670136274652835,
        0.00416710761938977,
        0.9820987989902236,
        0.009567079762921388
      ]
    ],
    "actions": [
      3,
      3,
      3,
      3,
      1,
      3,
      3,
      1,
      3,
      1,
      1,
      1,
      3,
      3,
      3
    ],
    "efe_history": [
      [
        -2.56033003728326,
        -2.338714761247858,
        -2.344389888016529,
        -1.9676132945343527
      ],
      [
        -2.1329291955463727,
        -2.168248781882143,
        -1.8139288594756797,
        -1.725866976910965
      ],
      [
        -1.8009188095049604,
        -1.971215020637511,
        -1.7019307675283244,
        -1.6184002105782027
      ],
      [
        -2.1451890923083847,
        -2.2031133366613727,
        -1.8080151618023843,
        -1.7254808862307431
      ],
      [
        -0.5204109885477373,
        -0.5164950907690643,
        -0.5883806574311347,
        -0.6559556816551059
      ],
      [
        -1.827709836216061,
        -1.8724307218134768,
        -1.59980800567764,
        -1.5363014827887262
      ],
      [
        -2.295979432131349,
        -2.1197628272457134,
        -2.080124221982816,
        -1.817961712505272
      ],
      [
        -0.5674404227058304,
        -0.5168801732813298,
        -0.6098845498484232,
        -0.6595189572266659
      ],
      [
        -1.342421408196731,
        -1.3576750400703304,
        -1.2555011122881106,
        -1.2540127884983612
      ],
      [
        -0.47924814648645364,
        -0.46577363711949726,
        -0.5226819415685808,
        -0.5747275015130252
      ],
      [
        -0.4869293905266542,
        -0.47804479300988023,
        -0.4970181981027035,
        -0.5366420639569961
      ],
      [
        -0.48784292697546355,
        -0.47901327034906355,
        -0.4964067290242344,
        -0.5352560042246285
      ],
      [
        -1.3300992169195562,
        -1.428128239206837,
        -1.2571715431120065,
        -1.2361067975101165
      ],
      [
        -2.0578736726638547,
        -2.224391680702722,
        -1.9062125399375451,
        -1.7367161300074638
      ],
      [
        -2.1275949095369864,
        -2.3063970116352537,
        -1.966067262472936,
        -1.7812715997036122
      ]
    ],
    "belief_confidence": [
      0.8999999999999998,
      0.7560581583198706,
      0.800051682925253,
      0.8618347072107653,
      0.7935249598050339,
      0.8202354863906507,
      0.7237461992841934,
      0.8139247735507767,
      0.5979971666050867,
      0.9190831493383141,
      0.9905341837975586,
      0.9933670997040468,
      0.6792655613126739,
      0.9588180272199907,
      0.9820987989902236
    ]
  },
  "observations": [
    0,
    1,
    2,
    1,
    3,
    1,
    0,
    3,
    1,
    3,
    3,
    3,
    2,
    2,
    2
  ],
  "true_states": [
    0,
    1,
    1,
    1,
    3,
    3,
    3,
    3,
    3,
    3,
    3,
    3,
    2,
    2,
    2
  ],
  "beliefs": [
    [
      0.8999999999999998,
      0.050000000000000065,
      0.025000000000000095,
      0.025000000000000095
    ],
    [
      0.20678513731825535,
      0.7560581583198706,
      0.018578352180937063,
      0.018578352180937063
    ],
    [
      0.04480263582918807,
      0.11069836552748906,
      0.800051682925253,
      0.044447315718069716
    ],
    [
      0.03650455842309234,
      0.8618347072107653,
      0.08343912344451376,
      0.01822161092162864
    ],
    [
      0.024222050972542073,
      0.122617819981066,
      0.059635169241358,
      0.7935249598050339
    ],
    [
      0.013343775223495193,
      0.8202354863906507,
      0.026056363788300174,
      0.140364374597554
    ],
    [
      0.7237461992841934,
      0.22043989190621197,
      0.021523837935564435,
      0.03429007087403014
    ],
    [
      0.10017759974318767,
      0.04355216255917942,
      0.04234546414685615,
      0.8139247735507767
    ],
    [
      0.07229743028404939,
      0.5979971666050867,
      0.04570588400625686,
      0.28399951910460686
    ],
    [
      0.013537235525397089,
      0.04331794834806324,
      0.024061666788225643,
      0.9190831493383141
    ],
    [
      0.0005484614793495199,
      0.0013746092295253175,
      0.007542745493566549,
      0.9905341837975586
    ],
    [
      1.953216638424196e-05,
      6.163566176705727e-05,
      0.006551732467801978,
      0.9933670997040468
    ],
    [
      4.2570698012862145e-06,
      0.00012741980825832006,
      0.6792655613126739,
      0.3206027618092665
    ],
    [
      0.005247566629462813,
      0.005251444358474153,
      0.9588180272199907,
      0.030682961792072225
    ],
    [
      0.0041670136274652835,
      0.00416710761938977,
      0.9820987989902236,
      0.009567079762921388
    ]
  ],
  "actions": [
    3,
    3,
    3,
    3,
    1,
    3,
    3,
    1,
    3,
    1,
    1,
    1,
    3,
    3,
    3
  ],
  "model_parameters": {
    "A_shape": [
      4,
      4
    ],
    "B_shape": [
      4,
      4,
      4
    ],
    "C_shape": [
      4
    ],
    "D_shape": [
      4
    ],
    "num_states": 4,
    "num_observations": 4,
    "num_actions": 4
  },
  "metrics": {
    "expected_free_energy": [
      [
        -2.56033003728326,
        -2.338714761247858,
        -2.344389888016529,
        -1.9676132945343527
      ],
      [
        -2.1329291955463727,
        -2.168248781882143,
        -1.8139288594756797,
        -1.725866976910965
      ],
      [
        -1.8009188095049604,
        -1.971215020637511,
        -1.7019307675283244,
        -1.6184002105782027
      ],
      [
        -2.1451890923083847,
        -2.2031133366613727,
        -1.8080151618023843,
        -1.7254808862307431
      ],
      [
        -0.5204109885477373,
        -0.5164950907690643,
        -0.5883806574311347,
        -0.6559556816551059
      ],
      [
        -1.827709836216061,
        -1.8724307218134768,
        -1.59980800567764,
        -1.5363014827887262
      ],
      [
        -2.295979432131349,
        -2.1197628272457134,
        -2.080124221982816,
        -1.817961712505272
      ],
      [
        -0.5674404227058304,
        -0.5168801732813298,
        -0.6098845498484232,
        -0.6595189572266659
      ],
      [
        -1.342421408196731,
        -1.3576750400703304,
        -1.2555011122881106,
        -1.2540127884983612
      ],
      [
        -0.47924814648645364,
        -0.46577363711949726,
        -0.5226819415685808,
        -0.5747275015130252
      ],
      [
        -0.4869293905266542,
        -0.47804479300988023,
        -0.4970181981027035,
        -0.5366420639569961
      ],
      [
        -0.48784292697546355,
        -0.47901327034906355,
        -0.4964067290242344,
        -0.5352560042246285
      ],
      [
        -1.3300992169195562,
        -1.428128239206837,
        -1.2571715431120065,
        -1.2361067975101165
      ],
      [
        -2.0578736726638547,
        -2.224391680702722,
        -1.9062125399375451,
        -1.7367161300074638
      ],
      [
        -2.1275949095369864,
        -2.3063970116352537,
        -1.966067262472936,
        -1.7812715997036122
      ]
    ],
    "belief_confidence": [
      0.8999999999999998,
      0.7560581583198706,
      0.800051682925253,
      0.8618347072107653,
      0.7935249598050339,
      0.8202354863906507,
      0.7237461992841934,
      0.8139247735507767,
      0.5979971666050867,
      0.9190831493383141,
      0.9905341837975586,
      0.9933670997040468,
      0.6792655613126739,
      0.9588180272199907,
      0.9820987989902236
    ],
    "cumulative_preference": [
      -1.0,
      -0.5,
      -0.5,
      -0.5,
      2.0,
      -0.5,
      -1.0,
      2.0,
      -0.5,
      2.0,
      2.0,
      2.0,
      -0.5,
      -0.5,
      -0.5
    ]
  },
  "validation": {
    "all_beliefs_valid": true,
    "beliefs_sum_to_one": true,
    "actions_in_range": true
  }
}