{
  "success": true,
  "framework": "PyMDP",
  "model_name": "Deep Planning Horizon POMDP",
  "num_timesteps": 15,
  "simulation_trace": {
    "observations": [
      1,
      1,
      3,
      0,
      0,
      0,
      0,
      0,
      3,
      3,
      2,
      3,
      3,
      2,
      2
    ],
    "true_states": [
      1,
      1,
      0,
      0,
      0,
      0,
      0,
      0,
      3,
      3,
      3,
      3,
      3,
      2,
      2
    ],
    "beliefs": [
      [
        0.050000000000000065,
        0.8999999999999998,
        0.025000000000000095,
        0.025000000000000095
      ],
      [
        0.011049723756906106,
        0.9791755206119847,
        0.004887377815554634,
        0.004887377815554634
      ],
      [
        0.022660356568703677,
        0.14610465851411678,
        0.0437492097324832,
        0.7874857751846964
      ],
      [
        0.5337368749825477,
        0.11509276115289378,
        0.05003008583548157,
        0.30114027802907706
      ],
      [
        0.9528381599515255,
        0.021294956628417877,
        0.008188808413196077,
        0.017678075006860472
      ],
      [
        0.9820864551733525,
        0.009160526448908449,
        0.004260891601502322,
        0.004492126776236735
      ],
      [
        0.9835015538736953,
        0.00836299589890383,
        0.0040649755122540284,
        0.00407047471514671
      ],
      [
        0.9835732115196679,
        0.008315425529664518,
        0.004055616160387355,
        0.004055746790280188
      ],
      [
        0.14722743627938034,
        0.022397210631828434,
        0.04370393427155833,
        0.7866714188172329
      ],
      [
        0.005101356773425216,
        0.0009286135032166606,
        0.008934894820480167,
        0.9850351349028781
      ],
      [
        0.0008340433467669586,
        0.00030790715088369373,
        0.682966395471695,
        0.3158916540306544
      ],
      [
        0.008631458457136143,
        0.008604346197628726,
        0.08756467335653044,
        0.8951995219887046
      ],
      [
        0.003288439925580097,
        0.0002909270848714435,
        0.00538575827640121,
        0.9910348747131473
      ],
      [
        0.0005403978739270521,
        0.00014472567216166417,
        0.6766479212871006,
        0.32266695516681076
      ],
      [
        0.005279332128400964,
        0.005266839325104437,
        0.9585537619930852,
        0.030900066553409312
      ]
    ],
    "actions": [
      3,
      3,
      1,
      3,
      3,
      3,
      3,
      3,
      1,
      1,
      3,
      0,
      1,
      3,
      3
    ],
    "efe_history": [
      [
        -2.198464761247859,
        -2.267080037283261,
        -1.8449146094743472,
        -1.7508632945343534
      ],
      [
        -2.371038013020225,
        -2.4543036443545025,
        -1.9559957482149457,
        -1.830740829497854
      ],
      [
        -0.5296659141230459,
        -0.5194343045464568,
        -0.6005252045279199,
        -0.6624228812405869
      ],
      [
        -1.4753254435243093,
        -1.3579802389399798,
        -1.4240021793476765,
        -1.3235343852218349
      ],
      [
        -2.6948556494149356,
        -2.4577136844199523,
        -2.4498805732021953,
        -2.032086664702275
      ],
      [
        -2.7920980164145255,
        -2.5415942848645035,
        -2.5307755874831472,
        -2.081292119982587
      ],
      [
        -2.796302954982101,
        -2.5453507011761167,
        -2.534304057042977,
        -2.0833944882797777
      ],
      [
        -2.796495643627988,
        -2.5455288313014384,
        -2.534467949957187,
        -2.0834915566507015
      ],
      [
        -0.6253175986610485,
        -0.560537653061073,
        -0.6551466692732796,
        -0.6948887693089333
      ],
      [
        -0.48986814988243266,
        -0.47718284075348977,
        -0.4999614185056809,
        -0.5402374178184012
      ],
      [
        -1.3388149173463917,
        -1.4368760909870952,
        -1.2656633178893288,
        -1.2427809304640216
      ],
      [
        -0.49670368905379325,
        -0.51813855666151,
        -0.517157620809212,
        -0.5913358741762449
      ],
      [
        -0.49007617547718,
        -0.4769035176457649,
        -0.4990424569514287,
        -0.5370155478567692
      ],
      [
        -1.3247513602615042,
        -1.4222576775966862,
        -1.2528448409083055,
        -1.2327099593508504
      ],
      [
        -2.057115800584696,
        -2.223517120184352,
        -1.9055830213459197,
        -1.73624808982622
      ]
    ],
    "belief_confidence": [
      0.8999999999999998,
      0.9791755206119847,
      0.7874857751846964,
      0.5337368749825477,
      0.9528381599515255,
      0.9820864551733525,
      0.9835015538736953,
      0.9835732115196679,
      0.7866714188172329,
      0.9850351349028781,
      0.682966395471695,
      0.8951995219887046,
      0.9910348747131473,
      0.6766479212871006,
      0.9585537619930852
    ]
  },
  "observations": [
    1,
    1,
    3,
    0,
    0,
    0,
    0,
    0,
    3,
    3,
    2,
    3,
    3,
    2,
    2
  ],
  "true_states": [
    1,
    1,
    0,
    0,
    0,
    0,
    0,
    0,
    3,
    3,
    3,
    3,
    3,
    2,
    2
  ],
  "beliefs": [
    [
      0.050000000000000065,
      0.8999999999999998,
      0.025000000000000095,
      0.025000000000000095
    ],
    [
      0.011049723756906106,
      0.9791755206119847,
      0.004887377815554634,
      0.004887377815554634
    ],
    [
      0.022660356568703677,
      0.14610465851411678,
      0.0437492097324832,
      0.7874857751846964
    ],
    [
      0.5337368749825477,
      0.11509276115289378,
      0.05003008583548157,
      0.30114027802907706
    ],
    [
      0.9528381599515255,
      0.021294956628417877,
      0.008188808413196077,
      0.017678075006860472
    ],
    [
      0.9820864551733525,
      0.009160526448908449,
      0.004260891601502322,
      0.004492126776236735
    ],
    [
      0.9835015538736953,
      0.00836299589890383,
      0.0040649755122540284,
      0.00407047471514671
    ],
    [
      0.9835732115196679,
      0.008315425529664518,
      0.004055616160387355,
      0.004055746790280188
    ],
    [
      0.14722743627938034,
      0.022397210631828434,
      0.04370393427155833,
      0.7866714188172329
    ],
    [
      0.005101356773425216,
      0.0009286135032166606,
      0.008934894820480167,
      0.9850351349028781
    ],
    [
      0.0008340433467669586,
      0.00030790715088369373,
      0.682966395471695,
      0.3158916540306544
    ],
    [
      0.008631458457136143,
      0.008604346197628726,
      0.08756467335653044,
      0.8951995219887046
    ],
    [
      0.003288439925580097,
      0.0002909270848714435,
      0.00538575827640121,
      0.9910348747131473
    ],
    [
      0.0005403978739270521,
      0.00014472567216166417,
      0.6766479212871006,
      0.32266695516681076
    ],
    [
      0.005279332128400964,
      0.005266839325104437,
      0.9585537619930852,
      0.030900066553409312
    ]
  ],
  "actions": [
    3,
    3,
    1,
    3,
    3,
    3,
    3,
    3,
    1,
    1,
    3,
    0,
    1,
    3,
    3
  ],
  "model_parameters": {
    "A_shape": [
      4,
      4
    ],
    "B_shape": [
      4,
      4,
      4
    ],
    "C_shape": [
      4
    ],
    "D_shape": [
      4
    ],
    "num_states": 4,
    "num_observations": 4,
    "num_actions": 4
  },
  "metrics": {
    "expected_free_energy": [
      [
        -2.198464761247859,
        -2.267080037283261,
        -1.8449146094743472,
        -1.7508632945343534
      ],
      [
        -2.371038013020225,
        -2.4543036443545025,
        -1.9559957482149457,
        -1.830740829497854
      ],
      [
        -0.5296659141230459,
        -0.5194343045464568,
        -0.6005252045279199,
        -0.6624228812405869
      ],
      [
        -1.4753254435243093,
        -1.3579802389399798,
        -1.4240021793476765,
        -1.3235343852218349
      ],
      [
        -2.6948556494149356,
        -2.4577136844199523,
        -2.4498805732021953,
        -2.032086664702275
      ],
      [
        -2.7920980164145255,
        -2.5415942848645035,
        -2.5307755874831472,
        -2.081292119982587
      ],
      [
        -2.796302954982101,
        -2.5453507011761167,
        -2.534304057042977,
        -2.0833944882797777
      ],
      [
        -2.796495643627988,
        -2.5455288313014384,
        -2.534467949957187,
        -2.0834915566507015
      ],
      [
        -0.6253175986610485,
        -0.560537653061073,
        -0.6551466692732796,
        -0.6948887693089333
      ],
      [
        -0.48986814988243266,
        -0.47718284075348977,
        -0.4999614185056809,
        -0.5402374178184012
      ],
      [
        -1.3388149173463917,
        -1.4368760909870952,
        -1.2656633178893288,
        -1.2427809304640216
      ],
      [
        -0.49670368905379325,
        -0.51813855666151,
        -0.517157620809212,
        -0.5913358741762449
      ],
      [
        -0.49007617547718,
        -0.4769035176457649,
        -0.4990424569514287,
        -0.5370155478567692
      ],
      [
        -1.3247513602615042,
        -1.4222576775966862,
        -1.2528448409083055,
        -1.2327099593508504
      ],
      [
        -2.057115800584696,
        -2.223517120184352,
        -1.9055830213459197,
        -1.73624808982622
      ]
    ],
    "belief_confidence": [
      0.8999999999999998,
      0.9791755206119847,
      0.7874857751846964,
      0.5337368749825477,
      0.9528381599515255,
      0.9820864551733525,
      0.9835015538736953,
      0.9835732115196679,
      0.7866714188172329,
      0.9850351349028781,
      0.682966395471695,
      0.8951995219887046,
      0.9910348747131473,
      0.6766479212871006,
      0.9585537619930852
    ],
    "cumulative_preference": [
      -0.5,
      -0.5,
      2.0,
      -1.0,
      -1.0,
      -1.0,
      -1.0,
      -1.0,
      2.0,
      2.0,
      -0.5,
      2.0,
      2.0,
      -0.5,
      -0.5
    ]
  },
  "validation": {
    "all_beliefs_valid": true,
    "beliefs_sum_to_one": true,
    "actions_in_range": true
  }
}