{
  "model_name": "pytorch_pomdp",
  "framework": "pytorch",
  "num_timesteps": 50,
  "num_states": 4,
  "num_observations": 6,
  "num_actions": 1,
  "beliefs": [
    [
      0.6999991000017994,
      0.10000029999939994,
      0.10000029999939994,
      0.10000029999939994
    ],
    [
      0.4374997656252926,
      0.06250023437470699,
      0.06250023437470699,
      0.43749976562529264
    ],
    [
      0.12069007431557356,
      0.01724151307976854,
      0.01724151307976854,
      0.844826899524889
    ],
    [
      0.019886529248643554,
      0.0028409449252235963,
      0.0028409449252235963,
      0.9744315809009089
    ],
    [
      0.01955323296730388,
      0.0027933309666876983,
      0.019553232967303883,
      0.9581002030987033
    ],
    [
      0.017500137625117745,
      0.002500030375093429,
      0.12250043837432048,
      0.8574993936254671
    ],
    [
      0.017241513079768515,
      0.01724151307976852,
      0.12069007431557346,
      0.8448268995248881
    ],
    [
      0.015625117187573215,
      0.10937535156184067,
      0.10937535156184067,
      0.765624179688744
    ],
    [
      0.009434039693929374,
      0.4622639827341699,
      0.06603799483772992,
      0.4622639827341699
    ],
    [
      0.01562511718757323,
      0.7656241796887445,
      0.027343940429724108,
      0.19140676269395743
    ],
    [
      0.009434039693929376,
      0.4622639827341699,
      0.06603799483772993,
      0.46226398273416996
    ],
    [
      0.0036496757952957475,
      0.17883258111660655,
      0.10219010109697521,
      0.7153276419911218
    ],
    [
      0.002262470311907046,
      0.11086009505270163,
      0.4434387173176953,
      0.4434387173176952
    ],
    [
      0.0006180567579979502,
      0.030284521559915355,
      0.8479597897079769,
      0.12113763197410934
    ],
    [
      0.004310394433840435,
      0.030172631725696595,
      0.844826899524888,
      0.12069007431557341
    ],
    [
      0.0007102388946884369,
      0.004971650955758754,
      0.9744315809009089,
      0.01988652924864355
    ],
    [
      0.0006896663163464183,
      0.03379335984319062,
      0.9462064721565969,
      0.01931050168386475
    ],
    [
      0.0005734035106383446,
      0.19667487546295098,
      0.7866965517434226,
      0.016055169282986857
    ],
    [
      0.0002630239026965933,
      0.6315095644344108,
      0.36086280156735107,
      0.0073646100955407625
    ],
    [
      0.0001249711659972708,
      0.30005062580504066,
      0.6858277973977346,
      0.013996605631226731
    ],
    [
      0.0002630239026965933,
      0.6315095644344106,
      0.36086280156735107,
      0.0073646100955407625
    ],
    [
      0.0002518933792081149,
      0.604785635665685,
      0.34559197694729055,
      0.04937049400781501
    ],
    [
      0.000357915698052563,
      0.8593408593824335,
      0.1227635060384572,
      0.017537718881056135
    ],
    [
      0.002500030375093428,
      0.8574993936254668,
      0.12250043837432047,
      0.017500137625117738
    ],
    [
      0.002262470311907046,
      0.7760173395826885,
      0.11086009505270161,
      0.11086009505270156
    ],
    [
      0.015625117187573225,
      0.7656241796887441,
      0.1093753515618407,
      0.10937535156184065
    ],
    [
      0.1000002999993999,
      0.6999991000017991,
      0.10000029999939988,
      0.10000029999939986
    ],
    [
      0.43749976562529264,
      0.4374997656252925,
      0.06250023437470698,
      0.06250023437470696
    ],
    [
      0.48275848692023127,
      0.48275848692023116,
      0.017241513079768536,
      0.017241513079768532
    ],
    [
      0.4374997656252924,
      0.4374997656252923,
      0.01562511718757322,
      0.10937535156184065
    ],
    [
      0.8448268995248889,
      0.12069007431557353,
      0.004310394433840441,
      0.030172631725696623
    ],
    [
      0.8235286072671142,
      0.11764744809612998,
      0.029411972318377222,
      0.029411972318377222
    ],
    [
      0.6999991000017992,
      0.10000029999939987,
      0.025000168750014033,
      0.17500043124878573
    ],
    [
      0.6086947306262434,
      0.08695676275944036,
      0.15217425330715748,
      0.15217425330715748
    ],
    [
      0.9158872222462067,
      0.018691736177945437,
      0.03271052078792376,
      0.03271052078792376
    ],
    [
      0.7656241796887442,
      0.01562511718757322,
      0.1093753515618407,
      0.1093753515618407
    ],
    [
      0.6999991000017991,
      0.10000029999939986,
      0.10000029999939987,
      0.10000029999939987
    ],
    [
      0.43749976562529264,
      0.4374997656252925,
      0.06250023437470698,
      0.06250023437470698
    ],
    [
      0.31818175619840317,
      0.3181817561984031,
      0.04545473140478959,
      0.3181817561984031
    ],
    [
      0.4374997656252928,
      0.4374997656252927,
      0.015625117187573236,
      0.10937535156184076
    ],
    [
      0.39999970000059953,
      0.3999997000005994,
      0.10000029999939988,
      0.10000029999939988
    ],
    [
      0.2499999999999998,
      0.24999999999999975,
      0.4374997656252926,
      0.06250023437470698
    ],
    [
      0.39999970000059976,
      0.3999997000005997,
      0.17500043124878584,
      0.025000168750014047
    ],
    [
      0.24999999999999978,
      0.24999999999999975,
      0.4374997656252925,
      0.06250023437470696
    ],
    [
      0.10000029999939995,
      0.6999991000017995,
      0.1750004312487858,
      0.025000168750014044
    ],
    [
      0.4374997656252926,
      0.4374997656252925,
      0.1093753515618407,
      0.015625117187573225
    ],
    [
      0.8448268995248889,
      0.12069007431557356,
      0.030172631725696623,
      0.0043103944338404405
    ],
    [
      0.489999915999894,
      0.489999915999894,
      0.017500137625117755,
      0.0025000303750934293
    ],
    [
      0.12436594082494495,
      0.8705578548150447,
      0.004441676435540978,
      0.000634527924469076
    ],
    [
      0.12113763197410926,
      0.8479597897079761,
      0.030284521559915338,
      0.0006180567579979496
    ]
  ],
  "actions": [
    0,
    0,
    0,
    0,
    0,
    0,
    0,
    0,
    0,
    0,
    0,
    0,
    0,
    0,
    0,
    0,
    0,
    0,
    0,
    0,
    0,
    0,
    0,
    0,
    0,
    0,
    0,
    0,
    0,
    0,
    0,
    0,
    0,
    0,
    0,
    0,
    0,
    0,
    0,
    0,
    0,
    0,
    0,
    0,
    0,
    0,
    0,
    0,
    0,
    0
  ],
  "observations": [
    0,
    3,
    3,
    3,
    2,
    2,
    1,
    1,
    1,
    5,
    4,
    4,
    2,
    2,
    0,
    2,
    1,
    1,
    1,
    4,
    5,
    3,
    5,
    0,
    3,
    0,
    0,
    0,
    5,
    3,
    0,
    2,
    3,
    2,
    0,
    4,
    1,
    1,
    3,
    5,
    2,
    2,
    5,
    4,
    1,
    0,
    0,
    1,
    1,
    2
  ],
  "efe_history": [
    [
      1.4809688751757377
    ],
    [
      1.446866454701638
    ],
    [
      1.4863233295142244
    ],
    [
      1.5179762685012554
    ],
    [
      1.515269701505646
    ],
    [
      1.5005543299659243
    ],
    [
      1.496831397766127
    ],
    [
      1.4773132437024257
    ],
    [
      1.4550597211926444
    ],
    [
      1.4951098536403657
    ],
    [
      1.4550597211926446
    ],
    [
      1.4689688906828142
    ],
    [
      1.4600109412625693
    ],
    [
      1.4897405508616228
    ],
    [
      1.488878089192206
    ],
    [
      1.5085315545400142
    ],
    [
      1.5032818176216913
    ],
    [
      1.4815837874914262
    ],
    [
      1.486268515159509
    ],
    [
      1.4746429022838055
    ],
    [
      1.4862685151595083
    ],
    [
      1.4785915446867113
    ],
    [
      1.5240763143008624
    ],
    [
      1.5235898737286115
    ],
    [
      1.4998160720994684
    ],
    [
      1.4972806163014372
    ],
    [
      1.4839088848416524
    ],
    [
      1.4693179234016853
    ],
    [
      1.4882820717509733
    ],
    [
      1.4681381745450168
    ],
    [
      1.5225397423988936
    ],
    [
      1.5157550591118705
    ],
    [
      1.4811874553663045
    ],
    [
      1.4617339449926545
    ],
    [
      1.53582044316849
    ],
    [
      1.4931025092966932
    ],
    [
      1.4809688751757362
    ],
    [
      1.4693179234016853
    ],
    [
      1.4386050260643057
    ],
    [
      1.468138174545019
    ],
    [
      1.4565571078637531
    ],
    [
      1.4417063335649356
    ],
    [
      1.4605913431378412
    ],
    [
      1.441706333564935
    ],
    [
      1.488834267610475
    ],
    [
      1.4717264454029797
    ],
    [
      1.5231497486137486
    ],
    [
      1.4920357295839384
    ],
    [
      1.5319116836919737
    ],
    [
      1.5252729350400611
    ]
  ],
  "validation": {
    "beliefs_in_range": true,
    "beliefs_sum_to_one": true,
    "actions_in_range": true,
    "all_valid": true
  },
  "execution_time_seconds": 0.0027,
  "torch_version": "2.11.0"
}