{
  "framework": "pymdp",
  "model_name": "hmm_baseline",
  "script_name": "Hidden Markov Model Baseline_pymdp.py",
  "script_path": "output/11_render_output/hmm_baseline/pymdp/Hidden Markov Model Baseline_pymdp.py",
  "success": true,
  "return_code": 0,
  "execution_time": 1.243759,
  "timestamp": "2026-03-17T16:49:27.705511",
  "simulation_data": {
    "traces": [],
    "free_energy": [],
    "states": [],
    "observations": [
      4,
      2,
      5,
      1,
      5,
      3,
      3,
      0,
      2,
      5,
      0,
      4,
      0,
      0,
      5
    ],
    "actions": [
      0,
      0,
      0,
      0,
      0,
      0,
      0,
      0,
      0,
      0,
      0,
      0,
      0,
      0,
      0
    ],
    "policy": [],
    "raw_output": "\u26a0\ufe0f  Detected namespace conflict with script directory '/Users/4d/Documents/GitHub/generalizednotationnotation/output/11_render_output/hmm_baseline/pymdp', removing from sys.path\n\u2705 PyMDP (inferactively-pymdp) is available\n",
    "raw_error": "2026-03-17 16:49:28,826 - __main__ - INFO - A matrix shape: (6, 4)\n2026-03-17 16:49:28,826 - __main__ - INFO - B matrix shape: (4, 4)\n2026-03-17 16:49:28,826 - __main__ - INFO - C vector shape: (6,)\n2026-03-17 16:49:28,826 - __main__ - INFO - D vector shape: (4,)\n2026-03-17 16:49:28,826 - __main__ - INFO - Starting PyMDP simulation for Hidden Markov Model Baseline\n2026-03-17 16:49:28,826 - __main__ - INFO - Output directory: output/pymdp_simulations/Hidden Markov Model Baseline\n2026-03-17 16:49:28,826 - __main__ - INFO - State space matrices: A=True, B=True, C=True, D=True, E=False\n2026-03-17 16:49:28,826 - src.execute.pymdp.executor - INFO - Executing PyMDP simulation (correlation_id: render_generated_script)\n2026-03-17 16:49:28,826 - src.execute.pymdp.simple_simulation - INFO - Using PyMDP (inferactively-pymdp) API\n2026-03-17 16:49:28,826 - src.execute.pymdp.simple_simulation - INFO - Starting simple PyMDP simulation\n2026-03-17 16:49:28,826 - src.execute.pymdp.simple_simulation - INFO - Expanded 2D B matrix (4, 4) to 3D (4, 4, 1) (passive model, 1 action)\n2026-03-17 16:49:28,826 - src.execute.pymdp.simple_simulation - INFO - B matrix normalized (columns sum to 1.0)\n2026-03-17 16:49:28,826 - src.execute.pymdp.simple_simulation - INFO - Created matrices: A=(6, 4), B=(4, 4, 1), C=(6,), D=(4,)\n2026-03-17 16:49:28,826 - src.execute.pymdp.simple_simulation - INFO - Wrapped arrays in obj_array format (except E)\n2026-03-17 16:49:28,827 - src.execute.pymdp.simple_simulation - INFO - Successfully created PyMDP agent\n2026-03-17 16:49:28,827 - src.execute.pymdp.simple_simulation - INFO - Simulation timesteps: 15 (from GNN spec)\n2026-03-17 16:49:28,827 - src.execute.pymdp.simple_simulation - INFO - Step 0: true_s=1, obs=4, belief=[0.1 0.1 0.4 0.4], action=0.0\n2026-03-17 16:49:28,827 - src.execute.pymdp.simple_simulation - INFO - Step 1: true_s=1, obs=2, belief=[0.05 0.07 0.78 0.1 ], action=0.0\n2026-03-17 16:49:28,827 - src.execute.pymdp.simple_simulation - INFO - Step 2: true_s=1, obs=5, belief=[0.26 0.43 0.24 0.07], action=0.0\n2026-03-17 16:49:28,828 - src.execute.pymdp.simple_simulation - INFO - Step 3: true_s=1, obs=1, belief=[0.08 0.81 0.07 0.04], action=0.0\n2026-03-17 16:49:28,828 - src.execute.pymdp.simple_simulation - INFO - Step 4: true_s=1, obs=5, belief=[0.18 0.74 0.04 0.04], action=0.0\n2026-03-17 16:49:28,828 - src.execute.pymdp.simple_simulation - INFO - Step 5: true_s=3, obs=3, belief=[0.12 0.32 0.07 0.49], action=0.0\n2026-03-17 16:49:28,828 - src.execute.pymdp.simple_simulation - INFO - Step 6: true_s=3, obs=3, belief=[0.06 0.1  0.06 0.78], action=0.0\n2026-03-17 16:49:28,828 - src.execute.pymdp.simple_simulation - INFO - Step 7: true_s=0, obs=0, belief=[0.52 0.09 0.12 0.27], action=0.0\n2026-03-17 16:49:28,828 - src.execute.pymdp.simple_simulation - INFO - Step 8: true_s=0, obs=2, belief=[0.2  0.08 0.61 0.11], action=0.0\n2026-03-17 16:49:28,829 - src.execute.pymdp.simple_simulation - INFO - Step 9: true_s=0, obs=5, belief=[0.38 0.37 0.18 0.07], action=0.0\n2026-03-17 16:49:28,829 - src.execute.pymdp.simple_simulation - INFO - Step 10: true_s=0, obs=0, belief=[0.77 0.11 0.07 0.05], action=0.0\n2026-03-17 16:49:28,829 - src.execute.pymdp.simple_simulation - INFO - Step 11: true_s=0, obs=4, belief=[0.32 0.1  0.31 0.28], action=0.0\n2026-03-17 16:49:28,829 - src.execute.pymdp.simple_simulation - INFO - Step 12: true_s=0, obs=0, belief=[0.74 0.07 0.1  0.09], action=0.0\n2026-03-17 16:49:28,829 - src.execute.pymdp.simple_simulation - INFO - Step 13: true_s=0, obs=0, belief=[0.89 0.04 0.04 0.03], action=0.0\n2026-03-17 16:49:28,830 - src.execute.pymdp.simple_simulation - INFO - Step 14: true_s=0, obs=5, belief=[0.77 0.15 0.04 0.04], action=0.0\n2026-03-17 16:49:28,830 - src.execute.pymdp.simple_simulation - INFO - Saving raw simulation data for analysis step...\n2026-03-17 16:49:28,830 - src.execute.pymdp.simple_simulation - INFO - \ud83d\udcbe Saved raw simulation data to output/pymdp_simulations/Hidden Markov Model Baseline/simulation_results.json\n2026-03-17 16:49:28,830 - src.execute.pymdp.simple_simulation - INFO - \ud83d\udcca Validation: beliefs_valid=True, sum_to_one=True\n2026-03-17 16:49:28,830 - src.execute.pymdp.simple_simulation - INFO - \ud83d\udcc8 Trace data saved: 15 timesteps, ready for analysis step visualization\n2026-03-17 16:49:28,830 - src.execute.pymdp.executor - INFO - PyMDP simulation completed successfully\n2026-03-17 16:49:28,830 - __main__ - INFO - \u2713 Simulation completed successfully!\n2026-03-17 16:49:28,830 - __main__ - INFO - Results summary:\n2026-03-17 16:49:28,830 - __main__ - INFO -   Correlation ID: render_generated_script\n2026-03-17 16:49:28,830 - __main__ - INFO -   Success: True\n2026-03-17 16:49:28,830 - __main__ - INFO -   Output: output/pymdp_simulations/Hidden Markov Model Baseline\n",
    "beliefs": [
      [
        0.10000000000000009,
        0.10000000000000009,
        0.3999999999999999,
        0.3999999999999999
      ],
      [
        0.052631578947368494,
        0.0657894736842106,
        0.7828947368421049,
        0.09868421052631585
      ],
      [
        0.25698682942499207,
        0.42531320269836165,
        0.24477995502730476,
        0.07292001284934155
      ],
      [
        0.07754498059660549,
        0.8107581043471441,
        0.0700678138842069,
        0.041629101172043485
      ],
      [
        0.182023031351441,
        0.737227241490762,
        0.04322928301390665,
        0.037520444143890316
      ],
      [
        0.12216427806051271,
        0.31920566162710495,
        0.07320420211948495,
        0.4854258581928974
      ],
      [
        0.056702495963638744,
        0.09778032586893136,
        0.060578492090841804,
        0.7849386860765881
      ],
      [
        0.5200018904431879,
        0.09130502644610634,
        0.11572515952832123,
        0.27296792358238453
      ],
      [
        0.19517275056538416,
        0.07880577021959856,
        0.6139945417901391,
        0.11202693742487811
      ],
      [
        0.38132518169,
        0.3665348364869259,
        0.18363368977098227,
        0.06850629205209165
      ],
      [
        0.774215716888924,
        0.11379427148357986,
        0.06682906191157757,
        0.04516094971591862
      ],
      [
        0.31687840434236203,
        0.09820724027439036,
        0.3096896942537575,
        0.2752246611294901
      ],
      [
        0.7409943325307646,
        0.0692848543137089,
        0.10302510283755506,
        0.0866957103179714
      ],
      [
        0.893287661045652,
        0.035587718850001726,
        0.03753465373183005,
        0.03358996637251608
      ],
      [
        0.7748119003865431,
        0.15241803347359129,
        0.03719693635484974,
        0.03557312978501595
      ]
    ],
    "num_timesteps": 15
  },
  "execution_metadata": {
    "executor": "/Users/4d/Documents/GitHub/generalizednotationnotation/.venv/bin/python",
    "stdout_length": 221,
    "stderr_length": 4763,
    "output_directory": "output/12_execute_output/hmm_baseline/pymdp"
  },
  "collected_outputs": {
    "visualizations": [],
    "simulation_data": [
      "output/12_execute_output/hmm_baseline/pymdp/simulation_data/simulation_results.json"
    ],
    "traces": [],
    "other": []
  }
}