{
  "framework": "pymdp",
  "model_name": "hmm_baseline",
  "script_name": "Hidden Markov Model Baseline_pymdp.py",
  "script_path": "output/11_render_output/hmm_baseline/pymdp/Hidden Markov Model Baseline_pymdp.py",
  "success": true,
  "return_code": 0,
  "execution_time": 1.797278,
  "timestamp": "2026-03-24T13:59:22.842333",
  "simulation_data": {
    "traces": [],
    "free_energy": [],
    "states": [],
    "observations": [
      0,
      2,
      4,
      3,
      4,
      2,
      4,
      3,
      5,
      0,
      0,
      0,
      3,
      5,
      0
    ],
    "actions": [
      0,
      0,
      0,
      0,
      0,
      0,
      0,
      0,
      0,
      0,
      0,
      0,
      0,
      0,
      0
    ],
    "policy": [],
    "raw_output": "\u26a0\ufe0f  Detected namespace conflict with script directory '/Users/4d/Documents/GitHub/generalizednotationnotation/output/11_render_output/hmm_baseline/pymdp', removing from sys.path\n\u2705 PyMDP (inferactively-pymdp) is available\n",
    "raw_error": "2026-03-24 13:59:24,424 - __main__ - INFO - A matrix shape: (6, 4)\n2026-03-24 13:59:24,424 - __main__ - INFO - B matrix shape: (4, 4)\n2026-03-24 13:59:24,424 - __main__ - INFO - C vector shape: (6,)\n2026-03-24 13:59:24,424 - __main__ - INFO - D vector shape: (4,)\n2026-03-24 13:59:24,424 - __main__ - INFO - Starting PyMDP simulation for Hidden Markov Model Baseline\n2026-03-24 13:59:24,424 - __main__ - INFO - Output directory: output/pymdp_simulations/Hidden Markov Model Baseline\n2026-03-24 13:59:24,424 - __main__ - INFO - State space matrices: A=True, B=True, C=True, D=True, E=False\n2026-03-24 13:59:24,424 - src.execute.pymdp.executor - INFO - Executing PyMDP simulation (correlation_id: render_generated_script)\n2026-03-24 13:59:24,424 - src.execute.pymdp.simple_simulation - INFO - Using PyMDP (inferactively-pymdp) API\n2026-03-24 13:59:24,425 - src.execute.pymdp.simple_simulation - INFO - Starting simple PyMDP simulation\n2026-03-24 13:59:24,425 - src.execute.pymdp.simple_simulation - INFO - Expanded 2D B matrix (4, 4) to 3D (4, 4, 1) (passive model, 1 action)\n2026-03-24 13:59:24,425 - src.execute.pymdp.simple_simulation - INFO - B matrix normalized (columns sum to 1.0)\n2026-03-24 13:59:24,425 - src.execute.pymdp.simple_simulation - INFO - Created matrices: A=(6, 4), B=(4, 4, 1), C=(6,), D=(4,)\n2026-03-24 13:59:24,425 - src.execute.pymdp.simple_simulation - INFO - Wrapped arrays in obj_array format (except E)\n2026-03-24 13:59:24,425 - src.execute.pymdp.simple_simulation - INFO - Successfully created PyMDP agent\n2026-03-24 13:59:24,425 - src.execute.pymdp.simple_simulation - INFO - Simulation timesteps: 15 (from GNN spec)\n2026-03-24 13:59:24,425 - src.execute.pymdp.simple_simulation - INFO - Step 0: true_s=2, obs=0, belief=[0.7 0.1 0.1 0.1], action=0.0\n2026-03-24 13:59:24,425 - src.execute.pymdp.simple_simulation - INFO - Step 1: true_s=2, obs=2, belief=[0.27 0.09 0.57 0.08], action=0.0\n2026-03-24 13:59:24,426 - src.execute.pymdp.simple_simulation - INFO - Step 2: true_s=2, obs=4, belief=[0.1  0.08 0.61 0.21], action=0.0\n2026-03-24 13:59:24,426 - src.execute.pymdp.simple_simulation - INFO - Step 3: true_s=3, obs=3, belief=[0.07 0.09 0.19 0.65], action=0.0\n2026-03-24 13:59:24,426 - src.execute.pymdp.simple_simulation - INFO - Step 4: true_s=3, obs=4, belief=[0.05 0.06 0.34 0.56], action=0.0\n2026-03-24 13:59:24,426 - src.execute.pymdp.simple_simulation - INFO - Step 5: true_s=3, obs=2, belief=[0.04 0.06 0.77 0.13], action=0.0\n2026-03-24 13:59:24,426 - src.execute.pymdp.simple_simulation - INFO - Step 6: true_s=3, obs=4, belief=[0.04 0.07 0.67 0.22], action=0.0\n2026-03-24 13:59:24,427 - src.execute.pymdp.simple_simulation - INFO - Step 7: true_s=3, obs=3, belief=[0.06 0.09 0.2  0.65], action=0.0\n2026-03-24 13:59:24,427 - src.execute.pymdp.simple_simulation - INFO - Step 8: true_s=0, obs=5, belief=[0.28 0.36 0.14 0.22], action=0.0\n2026-03-24 13:59:24,427 - src.execute.pymdp.simple_simulation - INFO - Step 9: true_s=0, obs=0, belief=[0.72 0.13 0.07 0.08], action=0.0\n2026-03-24 13:59:24,427 - src.execute.pymdp.simple_simulation - INFO - Step 10: true_s=0, obs=0, belief=[0.89 0.04 0.03 0.03], action=0.0\n2026-03-24 13:59:24,427 - src.execute.pymdp.simple_simulation - INFO - Step 11: true_s=1, obs=0, belief=[0.92 0.03 0.03 0.02], action=0.0\n2026-03-24 13:59:24,427 - src.execute.pymdp.simple_simulation - INFO - Step 12: true_s=0, obs=3, belief=[0.39 0.07 0.07 0.47], action=0.0\n2026-03-24 13:59:24,428 - src.execute.pymdp.simple_simulation - INFO - Step 13: true_s=0, obs=5, belief=[0.55 0.24 0.07 0.14], action=0.0\n2026-03-24 13:59:24,428 - src.execute.pymdp.simple_simulation - INFO - Step 14: true_s=0, obs=0, belief=[0.84 0.07 0.04 0.05], action=0.0\n2026-03-24 13:59:24,428 - src.execute.pymdp.simple_simulation - INFO - Saving raw simulation data for analysis step...\n2026-03-24 13:59:24,428 - src.execute.pymdp.simple_simulation - INFO - \ud83d\udcbe Saved raw simulation data to output/pymdp_simulations/Hidden Markov Model Baseline/simulation_results.json\n2026-03-24 13:59:24,428 - src.execute.pymdp.simple_simulation - INFO - \ud83d\udcca Validation: beliefs_valid=True, sum_to_one=True\n2026-03-24 13:59:24,428 - src.execute.pymdp.simple_simulation - INFO - \ud83d\udcc8 Trace data saved: 15 timesteps, ready for analysis step visualization\n2026-03-24 13:59:24,428 - src.execute.pymdp.executor - INFO - PyMDP simulation completed successfully\n2026-03-24 13:59:24,428 - __main__ - INFO - \u2713 Simulation completed successfully!\n2026-03-24 13:59:24,428 - __main__ - INFO - Results summary:\n2026-03-24 13:59:24,428 - __main__ - INFO -   Correlation ID: render_generated_script\n2026-03-24 13:59:24,428 - __main__ - INFO -   Success: True\n2026-03-24 13:59:24,428 - __main__ - INFO -   Output: output/pymdp_simulations/Hidden Markov Model Baseline\n",
    "beliefs": [
      [
        0.6999999999999997,
        0.10000000000000013,
        0.10000000000000013,
        0.10000000000000013
      ],
      [
        0.2653061224489795,
        0.08673469387755113,
        0.5714285714285714,
        0.07653061224489807
      ],
      [
        0.09988202909948886,
        0.08061344868265835,
        0.6063704286276049,
        0.21313409359024793
      ],
      [
        0.07141602865772288,
        0.09333075788438583,
        0.18955889583479668,
        0.6456943176230946
      ],
      [
        0.04688839179444504,
        0.05742632009411118,
        0.3405105906669334,
        0.5551746974445103
      ],
      [
        0.043366766488325735,
        0.05703132888383329,
        0.7718070516362889,
        0.127794852991552
      ],
      [
        0.04217903984908242,
        0.07075562451992796,
        0.6676388065784786,
        0.219426529052511
      ],
      [
        0.05548800273537983,
        0.09264453195237173,
        0.20181825969925737,
        0.6500492056129911
      ],
      [
        0.27665816829238027,
        0.36481942868234635,
        0.1379806208663641,
        0.22054178215890927
      ],
      [
        0.7172520225508936,
        0.12815625582720702,
        0.07359273503700263,
        0.08099898658489682
      ],
      [
        0.8877004450405706,
        0.04405746065602968,
        0.0346467119169637,
        0.03359538238643607
      ],
      [
        0.9233942744275943,
        0.027086465471053475,
        0.02516469974885967,
        0.02435456035249254
      ],
      [
        0.39092150051525,
        0.07098854072455227,
        0.06874681891186647,
        0.4693431398483312
      ],
      [
        0.5457494695478329,
        0.24382384950622107,
        0.07394091771532108,
        0.1364857632306249
      ],
      [
        0.8393832229950449,
        0.07116686884660599,
        0.042252957014095045,
        0.04719695114425415
      ]
    ],
    "num_timesteps": 15
  },
  "execution_metadata": {
    "executor": "/Users/4d/Documents/GitHub/generalizednotationnotation/.venv/bin/python",
    "stdout_length": 221,
    "stderr_length": 4763,
    "output_directory": "output/12_execute_output/hmm_baseline/pymdp"
  },
  "collected_outputs": {
    "visualizations": [],
    "simulation_data": [
      "output/12_execute_output/hmm_baseline/pymdp/simulation_data/simulation_results.json"
    ],
    "traces": [],
    "other": []
  }
}