{
  "framework": "pymdp",
  "model_name": "hmm_baseline",
  "script_name": "Hidden Markov Model Baseline_pymdp.py",
  "script_path": "output/11_render_output/hmm_baseline/pymdp/Hidden Markov Model Baseline_pymdp.py",
  "success": true,
  "return_code": 0,
  "execution_time": 1.549375,
  "timestamp": "2026-03-03T08:22:53.905062",
  "simulation_data": {
    "traces": [],
    "free_energy": [],
    "states": [],
    "observations": [
      3,
      0,
      0,
      5,
      5,
      1,
      4,
      3,
      4,
      3,
      1,
      1,
      4,
      3,
      0
    ],
    "actions": [
      0,
      0,
      0,
      0,
      0,
      0,
      0,
      0,
      0,
      0,
      0,
      0,
      0,
      0,
      0
    ],
    "policy": [],
    "raw_output": "\u26a0\ufe0f  Detected namespace conflict with script directory '/Users/4d/Documents/GitHub/generalizednotationnotation/output/11_render_output/hmm_baseline/pymdp', removing from sys.path\n\u2705 PyMDP (inferactively-pymdp) is available\n",
    "raw_error": "2026-03-03 08:22:55,287 - INFO - A matrix shape: (6, 4)\n2026-03-03 08:22:55,287 - INFO - B matrix shape: (4, 4)\n2026-03-03 08:22:55,287 - INFO - C vector shape: (6,)\n2026-03-03 08:22:55,287 - INFO - D vector shape: (4,)\n2026-03-03 08:22:55,287 - INFO - Starting PyMDP simulation for Hidden Markov Model Baseline\n2026-03-03 08:22:55,287 - INFO - Output directory: output/pymdp_simulations/Hidden Markov Model Baseline\n2026-03-03 08:22:55,287 - INFO - State space matrices: A=True, B=True, C=True, D=True, E=False\n2026-03-03 08:22:55,287 - INFO - Executing PyMDP simulation (correlation_id: render_generated_script)\n2026-03-03 08:22:55,288 - INFO - Using PyMDP (inferactively-pymdp) API\n2026-03-03 08:22:55,288 - INFO - Starting simple PyMDP simulation\n2026-03-03 08:22:55,288 - INFO - Expanded 2D B matrix (4, 4) to 3D (4, 4, 1) (passive model, 1 action)\n2026-03-03 08:22:55,288 - INFO - B matrix normalized (columns sum to 1.0)\n2026-03-03 08:22:55,288 - INFO - Created matrices: A=(6, 4), B=(4, 4, 1), C=(6,), D=(4,)\n2026-03-03 08:22:55,288 - INFO - Wrapped arrays in obj_array format (except E)\n2026-03-03 08:22:55,288 - INFO - Successfully created PyMDP agent\n2026-03-03 08:22:55,288 - INFO - Simulation timesteps: 15 (from GNN spec)\n2026-03-03 08:22:55,288 - INFO - Step 0: true_s=0, obs=3, belief=[0.1 0.1 0.1 0.7], action=0.0\n2026-03-03 08:22:55,288 - INFO - Step 1: true_s=0, obs=0, belief=[0.57 0.09 0.11 0.23], action=0.0\n2026-03-03 08:22:55,289 - INFO - Step 2: true_s=0, obs=0, belief=[0.85 0.04 0.05 0.06], action=0.0\n2026-03-03 08:22:55,289 - INFO - Step 3: true_s=0, obs=5, belief=[0.76 0.16 0.04 0.04], action=0.0\n2026-03-03 08:22:55,289 - INFO - Step 4: true_s=1, obs=5, belief=[0.68 0.25 0.04 0.04], action=0.0\n2026-03-03 08:22:55,289 - INFO - Step 5: true_s=2, obs=1, belief=[0.2  0.7  0.05 0.05], action=0.0\n2026-03-03 08:22:55,290 - INFO - Step 6: true_s=3, obs=4, belief=[0.13 0.3  0.29 0.28], action=0.0\n2026-03-03 08:22:55,290 - INFO - Step 7: true_s=3, obs=3, belief=[0.07 0.13 0.11 0.69], action=0.0\n2026-03-03 08:22:55,290 - INFO - Step 8: true_s=3, obs=4, belief=[0.05 0.06 0.3  0.59], action=0.0\n2026-03-03 08:22:55,290 - INFO - Step 9: true_s=3, obs=3, belief=[0.04 0.05 0.09 0.82], action=0.0\n2026-03-03 08:22:55,290 - INFO - Step 10: true_s=3, obs=1, belief=[0.07 0.53 0.12 0.28], action=0.0\n2026-03-03 08:22:55,290 - INFO - Step 11: true_s=3, obs=1, belief=[0.04 0.84 0.05 0.07], action=0.0\n2026-03-03 08:22:55,291 - INFO - Step 12: true_s=3, obs=4, belief=[0.07 0.34 0.3  0.3 ], action=0.0\n2026-03-03 08:22:55,291 - INFO - Step 13: true_s=3, obs=3, belief=[0.06 0.13 0.11 0.7 ], action=0.0\n2026-03-03 08:22:55,291 - INFO - Step 14: true_s=0, obs=0, belief=[0.52 0.11 0.13 0.25], action=0.0\n2026-03-03 08:22:55,291 - INFO - Saving raw simulation data for analysis step...\n2026-03-03 08:22:55,291 - INFO - \ud83d\udcbe Saved raw simulation data to output/pymdp_simulations/Hidden Markov Model Baseline/simulation_results.json\n2026-03-03 08:22:55,291 - INFO - \ud83d\udcca Validation: beliefs_valid=True, sum_to_one=True\n2026-03-03 08:22:55,291 - INFO - \ud83d\udcc8 Trace data saved: 15 timesteps, ready for analysis step visualization\n2026-03-03 08:22:55,291 - INFO - PyMDP simulation completed successfully\n2026-03-03 08:22:55,292 - INFO - \u2713 Simulation completed successfully!\n2026-03-03 08:22:55,292 - INFO - Results summary:\n2026-03-03 08:22:55,292 - INFO -   Correlation ID: render_generated_script\n2026-03-03 08:22:55,292 - INFO -   Success: True\n2026-03-03 08:22:55,292 - INFO -   Output: output/pymdp_simulations/Hidden Markov Model Baseline\n",
    "beliefs": [
      [
        0.10000000000000012,
        0.10000000000000012,
        0.10000000000000012,
        0.6999999999999996
      ],
      [
        0.5714285714285714,
        0.08673469387755105,
        0.11224489795918371,
        0.2295918367346938
      ],
      [
        0.8476562499999997,
        0.04464285714285721,
        0.0489676339285715,
        0.05873325892857147
      ],
      [
        0.7558225660439467,
        0.16353863013223965,
        0.04047316876670327,
        0.04016563505711036
      ],
      [
        0.6776796784926743,
        0.24753104817624796,
        0.03803288895205714,
        0.03675638437902062
      ],
      [
        0.20152013120648438,
        0.7025861364261798,
        0.04880486305286294,
        0.04708886931447275
      ],
      [
        0.12566336349526602,
        0.299455046937014,
        0.29377411387276664,
        0.28110747569495326
      ],
      [
        0.07178668527445554,
        0.12648778406139988,
        0.11255076344303032,
        0.6891747672211143
      ],
      [
        0.04754264278578914,
        0.06218895226922015,
        0.2993251730996747,
        0.5909432318453159
      ],
      [
        0.038106159300477484,
        0.049586223962880566,
        0.09154239543817444,
        0.8207652212984674
      ],
      [
        0.06701281422740157,
        0.530338610365067,
        0.12427362574647738,
        0.2783749496610541
      ],
      [
        0.03912281568875689,
        0.8411261385639346,
        0.05300943128568952,
        0.06674161446161894
      ],
      [
        0.06860987102469054,
        0.33894198719680846,
        0.29601077358943845,
        0.29643736818906247
      ],
      [
        0.05670880817066478,
        0.13375834595675234,
        0.11153648556330786,
        0.697996360309275
      ],
      [
        0.5200100354206426,
        0.10609343722680135,
        0.1250271125402189,
        0.24886941481233701
      ]
    ],
    "num_timesteps": 15
  },
  "execution_metadata": {
    "executor": "/Users/4d/Documents/GitHub/generalizednotationnotation/.venv/bin/python",
    "stdout_length": 221,
    "stderr_length": 3547,
    "output_directory": "output/12_execute_output/hmm_baseline/pymdp"
  },
  "collected_outputs": {
    "visualizations": [],
    "simulation_data": [
      "output/12_execute_output/hmm_baseline/pymdp/simulation_data/Hidden Markov Model Baseline_simulation_results.json"
    ],
    "traces": [],
    "other": []
  }
}