{
  "framework": "pymdp",
  "model_name": "hmm_baseline",
  "script_name": "Hidden Markov Model Baseline_pymdp.py",
  "script_path": "output/11_render_output/hmm_baseline/pymdp/Hidden Markov Model Baseline_pymdp.py",
  "success": true,
  "return_code": 0,
  "execution_time": 1.539764,
  "timestamp": "2026-03-13T14:15:34.854799",
  "simulation_data": {
    "traces": [],
    "free_energy": [],
    "states": [],
    "observations": [
      0,
      5,
      0,
      5,
      1,
      0,
      1,
      4,
      4,
      4,
      3,
      3,
      1,
      5,
      4
    ],
    "actions": [
      0,
      0,
      0,
      0,
      0,
      0,
      0,
      0,
      0,
      0,
      0,
      0,
      0,
      0,
      0
    ],
    "policy": [],
    "raw_output": "\u26a0\ufe0f  Detected namespace conflict with script directory '/Users/4d/Documents/GitHub/generalizednotationnotation/output/11_render_output/hmm_baseline/pymdp', removing from sys.path\n\u2705 PyMDP (inferactively-pymdp) is available\n",
    "raw_error": "2026-03-13 14:15:36,195 - __main__ - INFO - A matrix shape: (6, 4)\n2026-03-13 14:15:36,195 - __main__ - INFO - B matrix shape: (4, 4)\n2026-03-13 14:15:36,195 - __main__ - INFO - C vector shape: (6,)\n2026-03-13 14:15:36,195 - __main__ - INFO - D vector shape: (4,)\n2026-03-13 14:15:36,195 - __main__ - INFO - Starting PyMDP simulation for Hidden Markov Model Baseline\n2026-03-13 14:15:36,195 - __main__ - INFO - Output directory: output/pymdp_simulations/Hidden Markov Model Baseline\n2026-03-13 14:15:36,195 - __main__ - INFO - State space matrices: A=True, B=True, C=True, D=True, E=False\n2026-03-13 14:15:36,195 - src.execute.pymdp.executor - INFO - Executing PyMDP simulation (correlation_id: render_generated_script)\n2026-03-13 14:15:36,195 - src.execute.pymdp.simple_simulation - INFO - Using PyMDP (inferactively-pymdp) API\n2026-03-13 14:15:36,195 - src.execute.pymdp.simple_simulation - INFO - Starting simple PyMDP simulation\n2026-03-13 14:15:36,196 - src.execute.pymdp.simple_simulation - INFO - Expanded 2D B matrix (4, 4) to 3D (4, 4, 1) (passive model, 1 action)\n2026-03-13 14:15:36,196 - src.execute.pymdp.simple_simulation - INFO - B matrix normalized (columns sum to 1.0)\n2026-03-13 14:15:36,196 - src.execute.pymdp.simple_simulation - INFO - Created matrices: A=(6, 4), B=(4, 4, 1), C=(6,), D=(4,)\n2026-03-13 14:15:36,196 - src.execute.pymdp.simple_simulation - INFO - Wrapped arrays in obj_array format (except E)\n2026-03-13 14:15:36,196 - src.execute.pymdp.simple_simulation - INFO - Successfully created PyMDP agent\n2026-03-13 14:15:36,196 - src.execute.pymdp.simple_simulation - INFO - Simulation timesteps: 15 (from GNN spec)\n2026-03-13 14:15:36,196 - src.execute.pymdp.simple_simulation - INFO - Step 0: true_s=0, obs=0, belief=[0.7 0.1 0.1 0.1], action=0.0\n2026-03-13 14:15:36,196 - src.execute.pymdp.simple_simulation - INFO - Step 1: true_s=0, obs=5, belief=[0.68 0.22 0.05 0.05], action=0.0\n2026-03-13 14:15:36,197 - src.execute.pymdp.simple_simulation - INFO - Step 2: true_s=0, obs=0, belief=[0.88 0.06 0.03 0.03], action=0.0\n2026-03-13 14:15:36,197 - src.execute.pymdp.simple_simulation - INFO - Step 3: true_s=1, obs=5, belief=[0.76 0.17 0.04 0.04], action=0.0\n2026-03-13 14:15:36,197 - src.execute.pymdp.simple_simulation - INFO - Step 4: true_s=1, obs=1, belief=[0.25 0.64 0.05 0.05], action=0.0\n2026-03-13 14:15:36,197 - src.execute.pymdp.simple_simulation - INFO - Step 5: true_s=0, obs=0, belief=[0.7  0.2  0.05 0.05], action=0.0\n2026-03-13 14:15:36,197 - src.execute.pymdp.simple_simulation - INFO - Step 6: true_s=1, obs=1, belief=[0.22 0.67 0.06 0.05], action=0.0\n2026-03-13 14:15:36,197 - src.execute.pymdp.simple_simulation - INFO - Step 7: true_s=1, obs=4, belief=[0.13 0.28 0.3  0.28], action=0.0\n2026-03-13 14:15:36,197 - src.execute.pymdp.simple_simulation - INFO - Step 8: true_s=1, obs=4, belief=[0.07 0.12 0.43 0.38], action=0.0\n2026-03-13 14:15:36,198 - src.execute.pymdp.simple_simulation - INFO - Step 9: true_s=2, obs=4, belief=[0.05 0.07 0.48 0.39], action=0.0\n2026-03-13 14:15:36,198 - src.execute.pymdp.simple_simulation - INFO - Step 10: true_s=2, obs=3, belief=[0.05 0.07 0.14 0.75], action=0.0\n2026-03-13 14:15:36,198 - src.execute.pymdp.simple_simulation - INFO - Step 11: true_s=2, obs=3, belief=[0.03 0.04 0.06 0.86], action=0.0\n2026-03-13 14:15:36,198 - src.execute.pymdp.simple_simulation - INFO - Step 12: true_s=1, obs=1, belief=[0.07 0.51 0.12 0.3 ], action=0.0\n2026-03-13 14:15:36,198 - src.execute.pymdp.simple_simulation - INFO - Step 13: true_s=1, obs=5, belief=[0.21 0.63 0.07 0.09], action=0.0\n2026-03-13 14:15:36,198 - src.execute.pymdp.simple_simulation - INFO - Step 14: true_s=1, obs=4, belief=[0.12 0.26 0.31 0.31], action=0.0\n2026-03-13 14:15:36,198 - src.execute.pymdp.simple_simulation - INFO - Saving raw simulation data for analysis step...\n2026-03-13 14:15:36,199 - src.execute.pymdp.simple_simulation - INFO - \ud83d\udcbe Saved raw simulation data to output/pymdp_simulations/Hidden Markov Model Baseline/simulation_results.json\n2026-03-13 14:15:36,199 - src.execute.pymdp.simple_simulation - INFO - \ud83d\udcca Validation: beliefs_valid=True, sum_to_one=True\n2026-03-13 14:15:36,199 - src.execute.pymdp.simple_simulation - INFO - \ud83d\udcc8 Trace data saved: 15 timesteps, ready for analysis step visualization\n2026-03-13 14:15:36,199 - src.execute.pymdp.executor - INFO - PyMDP simulation completed successfully\n2026-03-13 14:15:36,199 - __main__ - INFO - \u2713 Simulation completed successfully!\n2026-03-13 14:15:36,199 - __main__ - INFO - Results summary:\n2026-03-13 14:15:36,199 - __main__ - INFO -   Correlation ID: render_generated_script\n2026-03-13 14:15:36,199 - __main__ - INFO -   Success: True\n2026-03-13 14:15:36,199 - __main__ - INFO -   Output: output/pymdp_simulations/Hidden Markov Model Baseline\n",
    "beliefs": [
      [
        0.6999999999999997,
        0.10000000000000013,
        0.10000000000000013,
        0.10000000000000013
      ],
      [
        0.6775244299674263,
        0.22149837133550504,
        0.052117263843648315,
        0.04885993485342031
      ],
      [
        0.8778225806451609,
        0.05895161290322591,
        0.03241935483870975,
        0.030806451612903293
      ],
      [
        0.7605690320875762,
        0.16822365877649306,
        0.03619333780285501,
        0.035013971333075655
      ],
      [
        0.24978051018309702,
        0.6428685363654418,
        0.05459386254620498,
        0.05275709090525601
      ],
      [
        0.6998524562095632,
        0.196534320915797,
        0.05304582209105195,
        0.05056740078358774
      ],
      [
        0.22224602590007236,
        0.6679528599513155,
        0.05624621888423182,
        0.05355489526438038
      ],
      [
        0.13103761816288928,
        0.2843696080026744,
        0.29982252261853176,
        0.28477025121590455
      ],
      [
        0.06971125949832978,
        0.11731711470970067,
        0.4345878122600238,
        0.3783838135319457
      ],
      [
        0.048355977322549044,
        0.07291205219910186,
        0.484330865651021,
        0.39440110482732815
      ],
      [
        0.04635435209574042,
        0.06905004635650651,
        0.13711019289270598,
        0.7474854086550471
      ],
      [
        0.033263257599074066,
        0.04037548848437609,
        0.06331982018890678,
        0.8630414337276432
      ],
      [
        0.06726575358330085,
        0.5124648440191963,
        0.12222212661418672,
        0.298047275783316
      ],
      [
        0.20947751629549072,
        0.6263771100780043,
        0.0712324055909221,
        0.09291296803558283
      ],
      [
        0.1204244592560582,
        0.25769787143407796,
        0.30928578404760265,
        0.31259188526226117
      ]
    ],
    "num_timesteps": 15
  },
  "execution_metadata": {
    "executor": "/Users/4d/Documents/GitHub/generalizednotationnotation/.venv/bin/python",
    "stdout_length": 221,
    "stderr_length": 4763,
    "output_directory": "/Users/4d/Documents/GitHub/generalizednotationnotation/output/12_execute_output/hmm_baseline/pymdp"
  },
  "collected_outputs": {
    "visualizations": [],
    "simulation_data": [
      "/Users/4d/Documents/GitHub/generalizednotationnotation/output/12_execute_output/hmm_baseline/pymdp/simulation_data/Hidden Markov Model Baseline_simulation_results.json"
    ],
    "traces": [],
    "other": []
  }
}