{
  "framework": "activeinference_jl",
  "model_name": "deep_planning_horizon",
  "script_name": "Deep Planning Horizon POMDP_activeinference.jl",
  "script_path": "output/11_render_output/deep_planning_horizon/activeinference_jl/Deep Planning Horizon POMDP_activeinference.jl",
  "success": true,
  "return_code": 0,
  "execution_time": 13.576015,
  "timestamp": "2026-05-12T07:31:30.300105",
  "simulation_data": {
    "traces": [],
    "free_energy": [],
    "states": [],
    "observations": [],
    "actions": [],
    "policy": [],
    "raw_output": "\ud83d\udce6 Ensuring required packages are installed...\n\u2705 Package installation complete\n======================================================================\nActiveInference.jl Script for GNN Model: Deep Planning Horizon POMDP\n======================================================================\nJulia version: 1.12.6\nDate: 2026-05-12T07:31:38.820\nModel dimensions: States=4, Observations=4, Actions=4\n\n\ud83d\udcc1 Output directory: activeinference_outputs_2026-05-12_07-31-38\n\ud83d\udd27 Creating model matrices from GNN specification...\n\u2705 A matrix created: (4, 4)\n\u2705 B matrix created: (4, 4, 4)\n\u2705 C vector created: 4\n\u2705 D vector created: 4\n\u2705 E vector created: 4 (matches 4 policies)\n\ud83d\udd27 Normalizing matrices...\n\u2705 All matrices normalized\n\ud83e\udd16 Creating ActiveInference.jl agent...\n\u2705 Agent initialized successfully\n\ud83d\ude80 Running simulation...\nStep 5: obs=3, action=4, belief=0.086\nStep 10: obs=4, action=1, belief=0.295\nStep 15: obs=4, action=1, belief=0.111\nStep 20: obs=3, action=4, belief=0.085\nStep 25: obs=1, action=4, belief=0.493\nStep 30: obs=1, action=4, belief=0.717\n\u2705 Simulation completed: 30 timesteps\n\ud83d\udcca Visualizations will be generated by the analysis step\n\ud83d\udcbe Saving results...\n\ud83d\udd0d Running validation checks...\n\u2705 Validation: beliefs_valid=true, sum_to_one=true, actions_valid=true\n======================================================================\n\u2705 Simulation completed successfully!\n======================================================================\n\ud83d\udcca Results saved to: activeinference_outputs_2026-05-12_07-31-38\n\ud83d\udcc8 Final belief: 0.717\n\ud83c\udfaf Action distribution: Dict{Any, Int64}(4 => 23, 2 => 3, 1 => 4)\n\u2705 Validation: ALL CHECKS PASSED\n\nActiveInference.jl script completed!\nModel: Deep Planning Horizon POMDP\n",
    "raw_error": "   Resolving package versions...\n     Project No packages added to or removed from `~/.julia/environments/v1.12/Project.toml`\n    Manifest No packages added to or removed from `~/.julia/environments/v1.12/Manifest.toml`\n",
    "beliefs": [
      [
        0.17734594095428316,
        0.17734594095428316,
        0.43440706329174783,
        0.210901054799686
      ],
      [
        0.11041671699118075,
        0.10836634857348391,
        0.6117225082261748,
        0.1694944262091606
      ],
      [
        0.09693185713192613,
        0.09621457839832509,
        0.6670040390422163,
        0.1398495254275325
      ],
      [
        0.08987154280626637,
        0.08962699308162492,
        0.6962246406968097,
        0.12427682341529901
      ],
      [
        0.08630480330500202,
        0.08622253167799238,
        0.7110737181479412,
        0.11639894686906443
      ],
      [
        0.08453515050997415,
        0.08450765790627167,
        0.7184681025432563,
        0.11248908904049777
      ],
      [
        0.08366481265865874,
        0.08365565602291414,
        0.7221128812039287,
        0.11056665011449832
      ],
      [
        0.29524271947623326,
        0.14333266794185986,
        0.42793928648720087,
        0.1334853260947061
      ],
      [
        0.47244736519308805,
        0.15393567462839083,
        0.24828487943089425,
        0.12533208074762672
      ],
      [
        0.2947361580433291,
        0.14785014507980115,
        0.2275673495873041,
        0.3298463472895657
      ],
      [
        0.47789429846125614,
        0.12909527124236236,
        0.16566379658011487,
        0.2273466337162667
      ],
      [
        0.5942409109175308,
        0.13238009968325157,
        0.1250814982357235,
        0.14829749116349403
      ],
      [
        0.3492957661547508,
        0.13727786717531665,
        0.1592674564797812,
        0.3541589101901514
      ],
      [
        0.21215713899559904,
        0.09019063598907334,
        0.13746083647754756,
        0.56019138853778
      ],
      [
        0.11136439158314852,
        0.05286267844287755,
        0.1190391003875194,
        0.7167338295864545
      ],
      [
        0.07627506540575793,
        0.0429976673797816,
        0.3166179684753656,
        0.564109298739095
      ],
      [
        0.08220370174748338,
        0.030450711453069542,
        0.46573203073704067,
        0.42161355606240647
      ],
      [
        0.0686196156894638,
        0.021048256336439936,
        0.6110078605879476,
        0.29932426738614865
      ],
      [
        0.08163804152623962,
        0.06513205328318707,
        0.6609513118611472,
        0.1922785933294261
      ],
      [
        0.0846241729591109,
        0.07899880397554754,
        0.6908997323295928,
        0.1454772907357488
      ],
      [
        0.14434455296821294,
        0.29066048071314904,
        0.4142227997438942,
        0.15077216657474396
      ],
      [
        0.15485524113185503,
        0.4690238864249497,
        0.24321247920615124,
        0.13290839323704398
      ],
      [
        0.1443437360780487,
        0.5878293355105912,
        0.15473397967784724,
        0.11309294873351283
      ],
      [
        0.3370529131221157,
        0.3969739293473491,
        0.142198262560657,
        0.12377489496987812
      ],
      [
        0.49286265257485806,
        0.26774490599370304,
        0.12337581956387139,
        0.11601662186756741
      ],
      [
        0.5972661821724079,
        0.19099283642610582,
        0.10723086578005832,
        0.10451011562142791
      ],
      [
        0.6585064576450173,
        0.14967749143066125,
        0.09638675243284371,
        0.09542929849147777
      ],
      [
        0.6915938773332525,
        0.1287205117379338,
        0.09000660713831893,
        0.08967900379049486
      ],
      [
        0.708657493590997,
        0.11841064598115834,
        0.08652114557882779,
        0.08641071484901705
      ],
      [
        0.7172385157483964,
        0.11340683162290634,
        0.08469579682952241,
        0.08465885579917488
      ]
    ]
  },
  "execution_benchmark_repeats": 1,
  "execution_metadata": {
    "executor": "julia",
    "stdout_length": 1686,
    "stderr_length": 220,
    "output_directory": "output/12_execute_output/deep_planning_horizon/activeinference_jl"
  },
  "execution_time_mean": 13.576015,
  "execution_time_std": 0.0,
  "execution_time_samples": [
    13.576015
  ],
  "collected_outputs": {
    "visualizations": [],
    "simulation_data": [
      "output/12_execute_output/deep_planning_horizon/activeinference_jl/simulation_data/simulation_results.json",
      "output/12_execute_output/deep_planning_horizon/activeinference_jl/simulation_data/model_parameters.json",
      "output/12_execute_output/deep_planning_horizon/activeinference_jl/simulation_data/simulation_results.csv"
    ],
    "traces": [],
    "other": []
  }
}