{
  "framework": "pymdp",
  "model_name": "deep_planning_horizon",
  "script_name": "Deep Planning Horizon POMDP_pymdp.py",
  "script_path": "output/11_render_output/deep_planning_horizon/pymdp/Deep Planning Horizon POMDP_pymdp.py",
  "success": true,
  "return_code": 0,
  "execution_time": 1.612237,
  "timestamp": "2026-03-15T13:54:32.317775",
  "simulation_data": {
    "traces": [],
    "free_energy": [],
    "states": [],
    "observations": [
      1,
      1,
      1,
      1,
      1,
      0,
      0,
      0,
      0,
      0,
      3,
      2,
      3,
      3,
      3
    ],
    "actions": [
      3,
      3,
      3,
      3,
      3,
      3,
      3,
      3,
      3,
      3,
      1,
      3,
      0,
      1,
      1
    ],
    "policy": [],
    "raw_output": "\u26a0\ufe0f  Detected namespace conflict with script directory '/Users/4d/Documents/GitHub/generalizednotationnotation/output/11_render_output/deep_planning_horizon/pymdp', removing from sys.path\n\u2705 PyMDP (inferactively-pymdp) is available\n",
    "raw_error": "2026-03-15 13:54:33,724 - __main__ - INFO - A matrix shape: (4, 4)\n2026-03-15 13:54:33,724 - __main__ - INFO - B matrix shape: (4, 4, 4)\n2026-03-15 13:54:33,724 - __main__ - INFO - C vector shape: (4,)\n2026-03-15 13:54:33,724 - __main__ - INFO - D vector shape: (4,)\n2026-03-15 13:54:33,724 - __main__ - INFO - Starting PyMDP simulation for Deep Planning Horizon POMDP\n2026-03-15 13:54:33,724 - __main__ - INFO - Output directory: output/pymdp_simulations/Deep Planning Horizon POMDP\n2026-03-15 13:54:33,724 - __main__ - INFO - State space matrices: A=True, B=True, C=True, D=True, E=False\n2026-03-15 13:54:33,724 - src.execute.pymdp.executor - INFO - Executing PyMDP simulation (correlation_id: render_generated_script)\n2026-03-15 13:54:33,724 - src.execute.pymdp.simple_simulation - INFO - Using PyMDP (inferactively-pymdp) API\n2026-03-15 13:54:33,724 - src.execute.pymdp.simple_simulation - INFO - Starting simple PyMDP simulation\n2026-03-15 13:54:33,724 - src.execute.pymdp.simple_simulation - INFO - Transposed B from (4, 4, 4) to (4, 4, 4)\n2026-03-15 13:54:33,724 - src.execute.pymdp.simple_simulation - INFO - B matrix normalized (columns sum to 1.0)\n2026-03-15 13:54:33,724 - src.execute.pymdp.simple_simulation - INFO - Created matrices: A=(4, 4), B=(4, 4, 4), C=(4,), D=(4,)\n2026-03-15 13:54:33,724 - src.execute.pymdp.simple_simulation - INFO - Wrapped arrays in obj_array format (except E)\n2026-03-15 13:54:33,725 - src.execute.pymdp.simple_simulation - INFO - Successfully created PyMDP agent\n2026-03-15 13:54:33,725 - src.execute.pymdp.simple_simulation - INFO - Simulation timesteps: 15 (from GNN spec)\n2026-03-15 13:54:33,725 - src.execute.pymdp.simple_simulation - INFO - Step 0: true_s=1, obs=1, belief=[0.05 0.9  0.03 0.03], action=3.0\n2026-03-15 13:54:33,725 - src.execute.pymdp.simple_simulation - INFO - Step 1: true_s=1, obs=1, belief=[0.01 0.98 0.   0.  ], action=3.0\n2026-03-15 13:54:33,726 - src.execute.pymdp.simple_simulation - INFO - Step 2: true_s=1, obs=1, belief=[0.01 0.98 0.   0.  ], action=3.0\n2026-03-15 13:54:33,726 - src.execute.pymdp.simple_simulation - INFO - Step 3: true_s=1, obs=1, belief=[0.01 0.98 0.   0.  ], action=3.0\n2026-03-15 13:54:33,727 - src.execute.pymdp.simple_simulation - INFO - Step 4: true_s=1, obs=1, belief=[0.01 0.98 0.   0.  ], action=3.0\n2026-03-15 13:54:33,727 - src.execute.pymdp.simple_simulation - INFO - Step 5: true_s=0, obs=0, belief=[0.7  0.26 0.02 0.02], action=3.0\n2026-03-15 13:54:33,727 - src.execute.pymdp.simple_simulation - INFO - Step 6: true_s=0, obs=0, belief=[0.96 0.03 0.01 0.01], action=3.0\n2026-03-15 13:54:33,728 - src.execute.pymdp.simple_simulation - INFO - Step 7: true_s=0, obs=0, belief=[0.98 0.01 0.   0.  ], action=3.0\n2026-03-15 13:54:33,728 - src.execute.pymdp.simple_simulation - INFO - Step 8: true_s=0, obs=0, belief=[0.98 0.01 0.   0.  ], action=3.0\n2026-03-15 13:54:33,728 - src.execute.pymdp.simple_simulation - INFO - Step 9: true_s=0, obs=0, belief=[0.98 0.01 0.   0.  ], action=3.0\n2026-03-15 13:54:33,729 - src.execute.pymdp.simple_simulation - INFO - Step 10: true_s=0, obs=3, belief=[0.15 0.02 0.04 0.79], action=1.0\n2026-03-15 13:54:33,729 - src.execute.pymdp.simple_simulation - INFO - Step 11: true_s=0, obs=2, belief=[0.02 0.   0.73 0.25], action=3.0\n2026-03-15 13:54:33,729 - src.execute.pymdp.simple_simulation - INFO - Step 12: true_s=3, obs=3, belief=[0.01 0.01 0.1  0.87], action=0.0\n2026-03-15 13:54:33,730 - src.execute.pymdp.simple_simulation - INFO - Step 13: true_s=3, obs=3, belief=[0.   0.   0.01 0.99], action=1.0\n2026-03-15 13:54:33,730 - src.execute.pymdp.simple_simulation - INFO - Step 14: true_s=3, obs=3, belief=[0.   0.   0.01 0.99], action=1.0\n2026-03-15 13:54:33,730 - src.execute.pymdp.simple_simulation - INFO - Saving raw simulation data for analysis step...\n2026-03-15 13:54:33,731 - src.execute.pymdp.simple_simulation - INFO - \ud83d\udcbe Saved raw simulation data to output/pymdp_simulations/Deep Planning Horizon POMDP/simulation_results.json\n2026-03-15 13:54:33,731 - src.execute.pymdp.simple_simulation - INFO - \ud83d\udcca Validation: beliefs_valid=True, sum_to_one=True\n2026-03-15 13:54:33,731 - src.execute.pymdp.simple_simulation - INFO - \ud83d\udcc8 Trace data saved: 15 timesteps, ready for analysis step visualization\n2026-03-15 13:54:33,731 - src.execute.pymdp.executor - INFO - PyMDP simulation completed successfully\n2026-03-15 13:54:33,731 - __main__ - INFO - \u2713 Simulation completed successfully!\n2026-03-15 13:54:33,731 - __main__ - INFO - Results summary:\n2026-03-15 13:54:33,731 - __main__ - INFO -   Correlation ID: render_generated_script\n2026-03-15 13:54:33,731 - __main__ - INFO -   Success: True\n2026-03-15 13:54:33,731 - __main__ - INFO -   Output: output/pymdp_simulations/Deep Planning Horizon POMDP\n",
    "beliefs": [
      [
        0.050000000000000065,
        0.8999999999999998,
        0.025000000000000095,
        0.025000000000000095
      ],
      [
        0.011049723756906106,
        0.9791755206119847,
        0.004887377815554634,
        0.004887377815554634
      ],
      [
        0.00847300222547172,
        0.983347798336468,
        0.004089599719030001,
        0.004089599719030001
      ],
      [
        0.00832169382148648,
        0.9835648880365784,
        0.004056709070967471,
        0.004056709070967471
      ],
      [
        0.008313033746912224,
        0.9835765457660647,
        0.004055210243511634,
        0.004055210243511638
      ],
      [
        0.704521724391431,
        0.257290585256229,
        0.01909384517616992,
        0.01909384517616992
      ],
      [
        0.9625735871544536,
        0.02602384264045492,
        0.005701285102545604,
        0.005701285102545604
      ],
      [
        0.9823569811380141,
        0.00931259689258473,
        0.004165210984700633,
        0.004165210984700633
      ],
      [
        0.9835081441860665,
        0.008368314324420409,
        0.004061770744756648,
        0.004061770744756648
      ],
      [
        0.9835733338126954,
        0.008315631587418706,
        0.004055517299942934,
        0.004055517299942934
      ],
      [
        0.14722760515933858,
        0.02239726031653368,
        0.0437039544486384,
        0.7866711800754893
      ],
      [
        0.0230224353936001,
        0.004190838077651222,
        0.7258167522017752,
        0.24696997432697346
      ],
      [
        0.011134320629280901,
        0.010028948521975212,
        0.10477351027620792,
        0.8740632205725359
      ],
      [
        0.0033601385775440377,
        0.00034969775844806216,
        0.006573482419087424,
        0.9897166812449205
      ],
      [
        9.473014786999818e-05,
        3.0102020261338737e-05,
        0.0064960641366100585,
        0.9933791036952586
      ]
    ],
    "num_timesteps": 15
  },
  "execution_metadata": {
    "executor": "/Users/4d/Documents/GitHub/generalizednotationnotation/.venv/bin/python",
    "stdout_length": 230,
    "stderr_length": 4737,
    "output_directory": "output/12_execute_output/deep_planning_horizon/pymdp"
  },
  "collected_outputs": {
    "visualizations": [],
    "simulation_data": [
      "output/12_execute_output/deep_planning_horizon/pymdp/simulation_data/simulation_results.json"
    ],
    "traces": [],
    "other": []
  }
}