{
  "framework": "pymdp",
  "model_name": "deep_planning_horizon",
  "script_name": "Deep Planning Horizon POMDP_pymdp.py",
  "script_path": "output/11_render_output/deep_planning_horizon/pymdp/Deep Planning Horizon POMDP_pymdp.py",
  "success": true,
  "return_code": 0,
  "execution_time": 3.918417,
  "timestamp": "2026-03-18T09:23:04.478671",
  "simulation_data": {
    "traces": [],
    "free_energy": [],
    "states": [],
    "observations": [
      1,
      1,
      3,
      0,
      0,
      0,
      0,
      0,
      3,
      3,
      2,
      3,
      3,
      2,
      2
    ],
    "actions": [
      3,
      3,
      1,
      3,
      3,
      3,
      3,
      3,
      1,
      1,
      3,
      0,
      1,
      3,
      3
    ],
    "policy": [],
    "raw_output": "\u26a0\ufe0f  Detected namespace conflict with script directory '/Users/4d/Documents/GitHub/generalizednotationnotation/output/11_render_output/deep_planning_horizon/pymdp', removing from sys.path\n\u2705 PyMDP (inferactively-pymdp) is available\n",
    "raw_error": "2026-03-18 09:23:08,160 - __main__ - INFO - A matrix shape: (4, 4)\n2026-03-18 09:23:08,160 - __main__ - INFO - B matrix shape: (4, 4, 4)\n2026-03-18 09:23:08,160 - __main__ - INFO - C vector shape: (4,)\n2026-03-18 09:23:08,160 - __main__ - INFO - D vector shape: (4,)\n2026-03-18 09:23:08,160 - __main__ - INFO - Starting PyMDP simulation for Deep Planning Horizon POMDP\n2026-03-18 09:23:08,161 - __main__ - INFO - Output directory: output/pymdp_simulations/Deep Planning Horizon POMDP\n2026-03-18 09:23:08,161 - __main__ - INFO - State space matrices: A=True, B=True, C=True, D=True, E=False\n2026-03-18 09:23:08,161 - src.execute.pymdp.executor - INFO - Executing PyMDP simulation (correlation_id: render_generated_script)\n2026-03-18 09:23:08,161 - src.execute.pymdp.simple_simulation - INFO - Using PyMDP (inferactively-pymdp) API\n2026-03-18 09:23:08,161 - src.execute.pymdp.simple_simulation - INFO - Starting simple PyMDP simulation\n2026-03-18 09:23:08,161 - src.execute.pymdp.simple_simulation - INFO - Transposed B from (4, 4, 4) to (4, 4, 4)\n2026-03-18 09:23:08,161 - src.execute.pymdp.simple_simulation - INFO - B matrix normalized (columns sum to 1.0)\n2026-03-18 09:23:08,161 - src.execute.pymdp.simple_simulation - INFO - Created matrices: A=(4, 4), B=(4, 4, 4), C=(4,), D=(4,)\n2026-03-18 09:23:08,161 - src.execute.pymdp.simple_simulation - INFO - Wrapped arrays in obj_array format (except E)\n2026-03-18 09:23:08,161 - src.execute.pymdp.simple_simulation - INFO - Successfully created PyMDP agent\n2026-03-18 09:23:08,161 - src.execute.pymdp.simple_simulation - INFO - Simulation timesteps: 15 (from GNN spec)\n2026-03-18 09:23:08,162 - src.execute.pymdp.simple_simulation - INFO - Step 0: true_s=1, obs=1, belief=[0.05 0.9  0.03 0.03], action=3.0\n2026-03-18 09:23:08,162 - src.execute.pymdp.simple_simulation - INFO - Step 1: true_s=1, obs=1, belief=[0.01 0.98 0.   0.  ], action=3.0\n2026-03-18 09:23:08,163 - src.execute.pymdp.simple_simulation - INFO - Step 2: true_s=0, obs=3, belief=[0.02 0.15 0.04 0.79], action=1.0\n2026-03-18 09:23:08,163 - src.execute.pymdp.simple_simulation - INFO - Step 3: true_s=0, obs=0, belief=[0.53 0.12 0.05 0.3 ], action=3.0\n2026-03-18 09:23:08,163 - src.execute.pymdp.simple_simulation - INFO - Step 4: true_s=0, obs=0, belief=[0.95 0.02 0.01 0.02], action=3.0\n2026-03-18 09:23:08,164 - src.execute.pymdp.simple_simulation - INFO - Step 5: true_s=0, obs=0, belief=[0.98 0.01 0.   0.  ], action=3.0\n2026-03-18 09:23:08,164 - src.execute.pymdp.simple_simulation - INFO - Step 6: true_s=0, obs=0, belief=[0.98 0.01 0.   0.  ], action=3.0\n2026-03-18 09:23:08,164 - src.execute.pymdp.simple_simulation - INFO - Step 7: true_s=0, obs=0, belief=[0.98 0.01 0.   0.  ], action=3.0\n2026-03-18 09:23:08,165 - src.execute.pymdp.simple_simulation - INFO - Step 8: true_s=3, obs=3, belief=[0.15 0.02 0.04 0.79], action=1.0\n2026-03-18 09:23:08,165 - src.execute.pymdp.simple_simulation - INFO - Step 9: true_s=3, obs=3, belief=[0.01 0.   0.01 0.99], action=1.0\n2026-03-18 09:23:08,165 - src.execute.pymdp.simple_simulation - INFO - Step 10: true_s=3, obs=2, belief=[0.   0.   0.68 0.32], action=3.0\n2026-03-18 09:23:08,166 - src.execute.pymdp.simple_simulation - INFO - Step 11: true_s=3, obs=3, belief=[0.01 0.01 0.09 0.9 ], action=0.0\n2026-03-18 09:23:08,166 - src.execute.pymdp.simple_simulation - INFO - Step 12: true_s=3, obs=3, belief=[0.   0.   0.01 0.99], action=1.0\n2026-03-18 09:23:08,166 - src.execute.pymdp.simple_simulation - INFO - Step 13: true_s=2, obs=2, belief=[0.   0.   0.68 0.32], action=3.0\n2026-03-18 09:23:08,167 - src.execute.pymdp.simple_simulation - INFO - Step 14: true_s=2, obs=2, belief=[0.01 0.01 0.96 0.03], action=3.0\n2026-03-18 09:23:08,167 - src.execute.pymdp.simple_simulation - INFO - Saving raw simulation data for analysis step...\n2026-03-18 09:23:08,167 - src.execute.pymdp.simple_simulation - INFO - \ud83d\udcbe Saved raw simulation data to output/pymdp_simulations/Deep Planning Horizon POMDP/simulation_results.json\n2026-03-18 09:23:08,167 - src.execute.pymdp.simple_simulation - INFO - \ud83d\udcca Validation: beliefs_valid=True, sum_to_one=True\n2026-03-18 09:23:08,167 - src.execute.pymdp.simple_simulation - INFO - \ud83d\udcc8 Trace data saved: 15 timesteps, ready for analysis step visualization\n2026-03-18 09:23:08,167 - src.execute.pymdp.executor - INFO - PyMDP simulation completed successfully\n2026-03-18 09:23:08,167 - __main__ - INFO - \u2713 Simulation completed successfully!\n2026-03-18 09:23:08,167 - __main__ - INFO - Results summary:\n2026-03-18 09:23:08,167 - __main__ - INFO -   Correlation ID: render_generated_script\n2026-03-18 09:23:08,168 - __main__ - INFO -   Success: True\n2026-03-18 09:23:08,168 - __main__ - INFO -   Output: output/pymdp_simulations/Deep Planning Horizon POMDP\n",
    "beliefs": [
      [
        0.050000000000000065,
        0.8999999999999998,
        0.025000000000000095,
        0.025000000000000095
      ],
      [
        0.011049723756906106,
        0.9791755206119847,
        0.004887377815554634,
        0.004887377815554634
      ],
      [
        0.022660356568703677,
        0.14610465851411678,
        0.0437492097324832,
        0.7874857751846964
      ],
      [
        0.5337368749825477,
        0.11509276115289378,
        0.05003008583548157,
        0.30114027802907706
      ],
      [
        0.9528381599515255,
        0.021294956628417877,
        0.008188808413196077,
        0.017678075006860472
      ],
      [
        0.9820864551733525,
        0.009160526448908449,
        0.004260891601502322,
        0.004492126776236735
      ],
      [
        0.9835015538736953,
        0.00836299589890383,
        0.0040649755122540284,
        0.00407047471514671
      ],
      [
        0.9835732115196679,
        0.008315425529664518,
        0.004055616160387355,
        0.004055746790280188
      ],
      [
        0.14722743627938034,
        0.022397210631828434,
        0.04370393427155833,
        0.7866714188172329
      ],
      [
        0.005101356773425216,
        0.0009286135032166606,
        0.008934894820480167,
        0.9850351349028781
      ],
      [
        0.0008340433467669586,
        0.00030790715088369373,
        0.682966395471695,
        0.3158916540306544
      ],
      [
        0.008631458457136143,
        0.008604346197628726,
        0.08756467335653044,
        0.8951995219887046
      ],
      [
        0.003288439925580097,
        0.0002909270848714435,
        0.00538575827640121,
        0.9910348747131473
      ],
      [
        0.0005403978739270521,
        0.00014472567216166417,
        0.6766479212871006,
        0.32266695516681076
      ],
      [
        0.005279332128400964,
        0.005266839325104437,
        0.9585537619930852,
        0.030900066553409312
      ]
    ],
    "num_timesteps": 15
  },
  "execution_metadata": {
    "executor": "/Users/4d/Documents/GitHub/generalizednotationnotation/.venv/bin/python",
    "stdout_length": 230,
    "stderr_length": 4737,
    "output_directory": "output/12_execute_output/deep_planning_horizon/pymdp"
  },
  "collected_outputs": {
    "visualizations": [],
    "simulation_data": [
      "output/12_execute_output/deep_planning_horizon/pymdp/simulation_data/simulation_results.json"
    ],
    "traces": [],
    "other": []
  }
}