{
  "framework": "pymdp",
  "model_name": "deep_planning_horizon",
  "script_name": "Deep Planning Horizon POMDP_pymdp.py",
  "script_path": "output/11_render_output/deep_planning_horizon/pymdp/Deep Planning Horizon POMDP_pymdp.py",
  "success": true,
  "return_code": 0,
  "execution_time": 1.509882,
  "timestamp": "2026-03-13T14:15:39.290643",
  "simulation_data": {
    "traces": [],
    "free_energy": [],
    "states": [],
    "observations": [
      1,
      1,
      1,
      1,
      1,
      1,
      3,
      3,
      3,
      3,
      2,
      0,
      0,
      1,
      1
    ],
    "actions": [
      3,
      3,
      3,
      3,
      3,
      3,
      1,
      1,
      1,
      1,
      3,
      3,
      3,
      3,
      3
    ],
    "policy": [],
    "raw_output": "\u26a0\ufe0f  Detected namespace conflict with script directory '/Users/4d/Documents/GitHub/generalizednotationnotation/output/11_render_output/deep_planning_horizon/pymdp', removing from sys.path\n\u2705 PyMDP (inferactively-pymdp) is available\n",
    "raw_error": "2026-03-13 14:15:40,605 - __main__ - INFO - A matrix shape: (4, 4)\n2026-03-13 14:15:40,605 - __main__ - INFO - B matrix shape: (4, 4, 4)\n2026-03-13 14:15:40,605 - __main__ - INFO - C vector shape: (4,)\n2026-03-13 14:15:40,605 - __main__ - INFO - D vector shape: (4,)\n2026-03-13 14:15:40,605 - __main__ - INFO - Starting PyMDP simulation for Deep Planning Horizon POMDP\n2026-03-13 14:15:40,605 - __main__ - INFO - Output directory: output/pymdp_simulations/Deep Planning Horizon POMDP\n2026-03-13 14:15:40,605 - __main__ - INFO - State space matrices: A=True, B=True, C=True, D=True, E=False\n2026-03-13 14:15:40,605 - src.execute.pymdp.executor - INFO - Executing PyMDP simulation (correlation_id: render_generated_script)\n2026-03-13 14:15:40,606 - src.execute.pymdp.simple_simulation - INFO - Using PyMDP (inferactively-pymdp) API\n2026-03-13 14:15:40,606 - src.execute.pymdp.simple_simulation - INFO - Starting simple PyMDP simulation\n2026-03-13 14:15:40,606 - src.execute.pymdp.simple_simulation - INFO - Transposed B from (4, 4, 4) to (4, 4, 4)\n2026-03-13 14:15:40,606 - src.execute.pymdp.simple_simulation - INFO - B matrix normalized (columns sum to 1.0)\n2026-03-13 14:15:40,606 - src.execute.pymdp.simple_simulation - INFO - Created matrices: A=(4, 4), B=(4, 4, 4), C=(4,), D=(4,)\n2026-03-13 14:15:40,606 - src.execute.pymdp.simple_simulation - INFO - Wrapped arrays in obj_array format (except E)\n2026-03-13 14:15:40,606 - src.execute.pymdp.simple_simulation - INFO - Successfully created PyMDP agent\n2026-03-13 14:15:40,606 - src.execute.pymdp.simple_simulation - INFO - Simulation timesteps: 15 (from GNN spec)\n2026-03-13 14:15:40,606 - src.execute.pymdp.simple_simulation - INFO - Step 0: true_s=1, obs=1, belief=[0.05 0.9  0.03 0.03], action=3.0\n2026-03-13 14:15:40,607 - src.execute.pymdp.simple_simulation - INFO - Step 1: true_s=1, obs=1, belief=[0.01 0.98 0.   0.  ], action=3.0\n2026-03-13 14:15:40,607 - src.execute.pymdp.simple_simulation - INFO - Step 2: true_s=1, obs=1, belief=[0.01 0.98 0.   0.  ], action=3.0\n2026-03-13 14:15:40,607 - src.execute.pymdp.simple_simulation - INFO - Step 3: true_s=1, obs=1, belief=[0.01 0.98 0.   0.  ], action=3.0\n2026-03-13 14:15:40,608 - src.execute.pymdp.simple_simulation - INFO - Step 4: true_s=1, obs=1, belief=[0.01 0.98 0.   0.  ], action=3.0\n2026-03-13 14:15:40,608 - src.execute.pymdp.simple_simulation - INFO - Step 5: true_s=1, obs=1, belief=[0.01 0.98 0.   0.  ], action=3.0\n2026-03-13 14:15:40,608 - src.execute.pymdp.simple_simulation - INFO - Step 6: true_s=3, obs=3, belief=[0.02 0.15 0.04 0.79], action=1.0\n2026-03-13 14:15:40,609 - src.execute.pymdp.simple_simulation - INFO - Step 7: true_s=3, obs=3, belief=[0.   0.01 0.01 0.98], action=1.0\n2026-03-13 14:15:40,609 - src.execute.pymdp.simple_simulation - INFO - Step 8: true_s=3, obs=3, belief=[0.   0.   0.01 0.99], action=1.0\n2026-03-13 14:15:40,609 - src.execute.pymdp.simple_simulation - INFO - Step 9: true_s=3, obs=3, belief=[0.   0.   0.01 0.99], action=1.0\n2026-03-13 14:15:40,610 - src.execute.pymdp.simple_simulation - INFO - Step 10: true_s=3, obs=2, belief=[0.   0.   0.68 0.32], action=3.0\n2026-03-13 14:15:40,610 - src.execute.pymdp.simple_simulation - INFO - Step 11: true_s=0, obs=0, belief=[0.78 0.04 0.11 0.06], action=3.0\n2026-03-13 14:15:40,610 - src.execute.pymdp.simple_simulation - INFO - Step 12: true_s=0, obs=0, belief=[0.97 0.01 0.01 0.01], action=3.0\n2026-03-13 14:15:40,611 - src.execute.pymdp.simple_simulation - INFO - Step 13: true_s=1, obs=1, belief=[0.25 0.71 0.02 0.02], action=3.0\n2026-03-13 14:15:40,611 - src.execute.pymdp.simple_simulation - INFO - Step 14: true_s=1, obs=1, belief=[0.03 0.96 0.01 0.01], action=3.0\n2026-03-13 14:15:40,611 - src.execute.pymdp.simple_simulation - INFO - Saving raw simulation data for analysis step...\n2026-03-13 14:15:40,612 - src.execute.pymdp.simple_simulation - INFO - \ud83d\udcbe Saved raw simulation data to output/pymdp_simulations/Deep Planning Horizon POMDP/simulation_results.json\n2026-03-13 14:15:40,612 - src.execute.pymdp.simple_simulation - INFO - \ud83d\udcca Validation: beliefs_valid=True, sum_to_one=True\n2026-03-13 14:15:40,612 - src.execute.pymdp.simple_simulation - INFO - \ud83d\udcc8 Trace data saved: 15 timesteps, ready for analysis step visualization\n2026-03-13 14:15:40,612 - src.execute.pymdp.executor - INFO - PyMDP simulation completed successfully\n2026-03-13 14:15:40,612 - __main__ - INFO - \u2713 Simulation completed successfully!\n2026-03-13 14:15:40,612 - __main__ - INFO - Results summary:\n2026-03-13 14:15:40,612 - __main__ - INFO -   Correlation ID: render_generated_script\n2026-03-13 14:15:40,612 - __main__ - INFO -   Success: True\n2026-03-13 14:15:40,612 - __main__ - INFO -   Output: output/pymdp_simulations/Deep Planning Horizon POMDP\n",
    "beliefs": [
      [
        0.050000000000000065,
        0.8999999999999998,
        0.025000000000000095,
        0.025000000000000095
      ],
      [
        0.011049723756906106,
        0.9791755206119847,
        0.004887377815554634,
        0.004887377815554634
      ],
      [
        0.00847300222547172,
        0.983347798336468,
        0.004089599719030001,
        0.004089599719030001
      ],
      [
        0.00832169382148648,
        0.9835648880365784,
        0.004056709070967471,
        0.004056709070967471
      ],
      [
        0.008313033746912224,
        0.9835765457660647,
        0.004055210243511634,
        0.004055210243511638
      ],
      [
        0.00831254348638362,
        0.9835771841646603,
        0.004055136174478112,
        0.004055136174478112
      ],
      [
        0.022396904381160706,
        0.14722835655478125,
        0.0437039336349505,
        0.7866708054291076
      ],
      [
        0.0013427529702781126,
        0.005269216717045267,
        0.009085175389192192,
        0.9843028549234845
      ],
      [
        5.4033927162740106e-05,
        0.00017594543669493732,
        0.00663869308048767,
        0.9931313275556546
      ],
      [
        2.0446708833799866e-06,
        2.5385696063917383e-05,
        0.00650144100112982,
        0.9934711286319229
      ],
      [
        7.852796917504953e-07,
        0.00012069278185691092,
        0.6791779386164188,
        0.32070058332203244
      ],
      [
        0.7825972573967181,
        0.043508905024327964,
        0.11032542489516521,
        0.06356841268378857
      ],
      [
        0.9735740801884746,
        0.011975447718553935,
        0.007891269866101556,
        0.006559202226870004
      ],
      [
        0.25172596104959255,
        0.7098846843777529,
        0.01926819597253321,
        0.019121158600121528
      ],
      [
        0.025539499100658784,
        0.9631151632612366,
        0.005674912680793439,
        0.005670424957311108
      ]
    ],
    "num_timesteps": 15
  },
  "execution_metadata": {
    "executor": "/Users/4d/Documents/GitHub/generalizednotationnotation/.venv/bin/python",
    "stdout_length": 230,
    "stderr_length": 4737,
    "output_directory": "/Users/4d/Documents/GitHub/generalizednotationnotation/output/12_execute_output/deep_planning_horizon/pymdp"
  },
  "collected_outputs": {
    "visualizations": [],
    "simulation_data": [
      "/Users/4d/Documents/GitHub/generalizednotationnotation/output/12_execute_output/deep_planning_horizon/pymdp/simulation_data/Deep Planning Horizon POMDP_simulation_results.json"
    ],
    "traces": [],
    "other": []
  }
}