{
    "num_observations": 4,
    "time_steps": 15,
    "efe_per_action": [
        [
            1.3862943610626357,
            1.3862943610912628,
            1.3862943611198901,
            1.3862943610640184
        ],
        [
            1.3862943610353913,
            1.3862943610912628,
            1.3846590720309486,
            1.3862943610912628
        ],
        [
            1.3862943610353913,
            1.3862943610912628,
            1.3846590720309517,
            1.3862943610912628
        ],
        [
            1.3862943610353913,
            1.3862943610912628,
            1.3846590720309486,
            1.3862943610912628
        ],
        [
            1.386293611912234,
            0.7497801242484515,
            1.3862942050898603,
            1.3862939865160548
        ],
        [
            1.376207448878249,
            1.3812480617222578,
            1.3862943611198901,
            1.3770330258868182
        ],
        [
            1.3862943610625695,
            0.7490695145987558,
            1.384660851296263,
            1.38629436109123
        ],
        [
            1.3862943609949543,
            1.3862943610775529,
            1.3851636425586624,
            1.386294361077553
        ],
        [
            1.3862932616227492,
            0.749780146207167,
            1.3862942550745248,
            1.3862938113713035
        ],
        [
            1.3862943608762652,
            1.3862943609588585,
            1.3862943611198901,
            0.7495186194852036
        ],
        [
            1.3862912608336926,
            0.7497801764698737,
            1.386294323935594,
            1.3862928109766557
        ],
        [
            1.3492265207423058,
            0.7497801928242829,
            1.3862943611180754,
            1.367714273145277
        ],
        [
            1.3862943609949623,
            1.3862943610775555,
            1.385163573932721,
            1.3862943610775558
        ],
        [
            1.386293261691954,
            1.3862938114059058,
            1.3862943611198901,
            1.3862933032849059
        ],
        [
            1.3862943610353913,
            1.3862943610912628,
            1.3846590720755039,
            1.3862943610912628
        ]
    ],
    "num_actions": 4,
    "efe_history": [
        1.3862943610912628,
        1.3862943610353913,
        1.3862943610912628,
        1.3846590720309486,
        0.7497801242484515,
        1.376207448878249,
        0.7490695145987558,
        1.3851636425586624,
        0.749780146207167,
        0.7495186194852036,
        0.7497801764698737,
        0.7497801928242829,
        1.385163573932721,
        1.3862938114059058,
        1.3862943610912628
    ],
    "actions": [
        2,
        1,
        2,
        3,
        2,
        1,
        2,
        3,
        2,
        4,
        2,
        2,
        3,
        2,
        2
    ],
    "true_states": [
        1,
        3,
        3,
        3,
        2,
        1,
        2,
        3,
        2,
        4,
        2,
        2,
        3,
        1,
        3
    ],
    "framework": "rxinfer",
    "num_states": 4,
    "observations": [
        1,
        3,
        3,
        3,
        2,
        1,
        2,
        3,
        2,
        4,
        2,
        2,
        3,
        1,
        3
    ],
    "action_probabilities": [
        [
            0.25000000002181605,
            0.24999999999318895,
            0.24999999996456163,
            0.2500000000204334
        ],
        [
            0.24959050960160392,
            0.2495905095458239,
            0.25122847130674825,
            0.2495905095458239
        ],
        [
            0.2495905096016047,
            0.2495905095458247,
            0.25122847130674597,
            0.2495905095458247
        ],
        [
            0.24959050960160392,
            0.2495905095458239,
            0.25122847130674825,
            0.2495905095458239
        ],
        [
            0.06346521859639095,
            0.8096045898924216,
            0.06346506801197871,
            0.06346512349920869
        ],
        [
            0.25398772991155444,
            0.248917995539898,
            0.24394390698291696,
            0.25315036756563053
        ],
        [
            0.06329285660184841,
            0.8097065181545372,
            0.06370776864902175,
            0.06329285659459243
        ],
        [
            0.24971700092223978,
            0.24971700083973467,
            0.25084899739829103,
            0.24971700083973444
        ],
        [
            0.06346530437422061,
            0.8096044786353982,
            0.06346505217584444,
            0.06346516481453676
        ],
        [
            0.06341132033761326,
            0.06341132031666387,
            0.06341132027581896,
            0.8097660390699037
        ],
        [
            0.06346577127461256,
            0.8096038573027522,
            0.06346499367087766,
            0.06346537775175763
        ],
        [
            0.07251786854183567,
            0.7976088431711671,
            0.06252469712168972,
            0.0673485911653076
        ],
        [
            0.24971698372697243,
            0.24971698364447265,
            0.25084904898408256,
            0.24971698364447242
        ],
        [
            0.2500004226836682,
            0.24999987296939144,
            0.2499993232562908,
            0.2500003810906496
        ],
        [
            0.24959050961277915,
            0.24959050955699913,
            0.2512284712732227,
            0.24959050955699913
        ]
    ],
    "validation": {
        "all_beliefs_valid": true,
        "actions_in_range": true,
        "beliefs_sum_to_one": true
    },
    "model_name": "T-Maze Epistemic Foraging Agent",
    "preferences": [
        0.0,
        0.0,
        0.0,
        0.0
    ],
    "beliefs": [
        [
            0.9999999999970001,
            1.0000000000000004e-12,
            1.0000000000000004e-12,
            1.0000000000000004e-12
        ],
        [
            1.0000000000010002e-12,
            1.0000000000010002e-12,
            0.9999999999970001,
            1.0000000000010002e-12
        ],
        [
            1.0000000000030003e-12,
            1.0000000000030003e-12,
            0.9999999999970001,
            1.0000000000030003e-12
        ],
        [
            1.0000000000010002e-12,
            1.0000000000010002e-12,
            0.9999999999970001,
            1.0000000000010002e-12
        ],
        [
            2.0002998799720066e-8,
            0.9999999399910036,
            2.0002998799720066e-8,
            2.0002998799720066e-8
        ],
        [
            0.9982029652495867,
            0.0005990115834711379,
            0.0005990115834711379,
            0.0005990115834711379
        ],
        [
            1.0011994601479841e-12,
            0.9999999999969963,
            1.0011994601479841e-12,
            1.0011994601479841e-12
        ],
        [
            1.5000998801954327e-12,
            1.5000998801954327e-12,
            0.9999999999954998,
            1.5000998801954327e-12
        ],
        [
            3.000499490309927e-8,
            0.9999999099850152,
            3.000499490309927e-8,
            3.000499490309927e-8
        ],
        [
            3.000000006647557e-12,
            3.000000006647557e-12,
            3.000000006647557e-12,
            0.999999999991
        ],
        [
            9.000197589862317e-8,
            0.9999997299940723,
            9.000197589862317e-8,
            9.000197589862317e-8
        ],
        [
            0.002678364053818901,
            0.9919649078385433,
            0.002678364053818901,
            0.002678364053818901
        ],
        [
            1.4999999999977873e-12,
            1.4999999999977873e-12,
            0.9999999999954999,
            1.4999999999977873e-12
        ],
        [
            0.9999999099910081,
            3.0002997299505976e-8,
            3.0002997299505976e-8,
            3.0002997299505976e-8
        ],
        [
            1.0000000300029994e-12,
            1.0000000300029994e-12,
            0.9999999999970001,
            1.0000000300029994e-12
        ]
    ]
}