{
  "success": true,
  "framework": "PyMDP",
  "model_name": "Hidden Markov Model Baseline",
  "num_timesteps": 15,
  "simulation_trace": {
    "observations": [
      3,
      0,
      0,
      5,
      5,
      1,
      4,
      3,
      4,
      3,
      1,
      1,
      4,
      3,
      0
    ],
    "true_states": [
      0,
      0,
      0,
      0,
      1,
      2,
      3,
      3,
      3,
      3,
      3,
      3,
      3,
      3,
      0
    ],
    "beliefs": [
      [
        0.10000000000000012,
        0.10000000000000012,
        0.10000000000000012,
        0.6999999999999996
      ],
      [
        0.5714285714285714,
        0.08673469387755105,
        0.11224489795918371,
        0.2295918367346938
      ],
      [
        0.8476562499999997,
        0.04464285714285721,
        0.0489676339285715,
        0.05873325892857147
      ],
      [
        0.7558225660439467,
        0.16353863013223965,
        0.04047316876670327,
        0.04016563505711036
      ],
      [
        0.6776796784926743,
        0.24753104817624796,
        0.03803288895205714,
        0.03675638437902062
      ],
      [
        0.20152013120648438,
        0.7025861364261798,
        0.04880486305286294,
        0.04708886931447275
      ],
      [
        0.12566336349526602,
        0.299455046937014,
        0.29377411387276664,
        0.28110747569495326
      ],
      [
        0.07178668527445554,
        0.12648778406139988,
        0.11255076344303032,
        0.6891747672211143
      ],
      [
        0.04754264278578914,
        0.06218895226922015,
        0.2993251730996747,
        0.5909432318453159
      ],
      [
        0.038106159300477484,
        0.049586223962880566,
        0.09154239543817444,
        0.8207652212984674
      ],
      [
        0.06701281422740157,
        0.530338610365067,
        0.12427362574647738,
        0.2783749496610541
      ],
      [
        0.03912281568875689,
        0.8411261385639346,
        0.05300943128568952,
        0.06674161446161894
      ],
      [
        0.06860987102469054,
        0.33894198719680846,
        0.29601077358943845,
        0.29643736818906247
      ],
      [
        0.05670880817066478,
        0.13375834595675234,
        0.11153648556330786,
        0.697996360309275
      ],
      [
        0.5200100354206426,
        0.10609343722680135,
        0.1250271125402189,
        0.24886941481233701
      ]
    ],
    "actions": [
      0,
      0,
      0,
      0,
      0,
      0,
      0,
      0,
      0,
      0,
      0,
      0,
      0,
      0,
      0
    ],
    "efe_history": [
      [
        -1.4619037623092515
      ],
      [
        -1.4556579419789772
      ],
      [
        -1.516330223636005
      ],
      [
        -1.5011940919050772
      ],
      [
        -1.4913158181210449
      ],
      [
        -1.492522533416205
      ],
      [
        -1.4351216624638048
      ],
      [
        -1.4614407755219783
      ],
      [
        -1.4625464647782507
      ],
      [
        -1.486880989252629
      ],
      [
        -1.4535244812459402
      ],
      [
        -1.5161051047707443
      ],
      [
        -1.440162636548401
      ],
      [
        -1.4633734683146782
      ],
      [
        -1.4484628411196316
      ]
    ],
    "belief_confidence": [
      0.6999999999999996,
      0.5714285714285714,
      0.8476562499999997,
      0.7558225660439467,
      0.6776796784926743,
      0.7025861364261798,
      0.299455046937014,
      0.6891747672211143,
      0.5909432318453159,
      0.8207652212984674,
      0.530338610365067,
      0.8411261385639346,
      0.33894198719680846,
      0.697996360309275,
      0.5200100354206426
    ]
  },
  "observations": [
    3,
    0,
    0,
    5,
    5,
    1,
    4,
    3,
    4,
    3,
    1,
    1,
    4,
    3,
    0
  ],
  "true_states": [
    0,
    0,
    0,
    0,
    1,
    2,
    3,
    3,
    3,
    3,
    3,
    3,
    3,
    3,
    0
  ],
  "beliefs": [
    [
      0.10000000000000012,
      0.10000000000000012,
      0.10000000000000012,
      0.6999999999999996
    ],
    [
      0.5714285714285714,
      0.08673469387755105,
      0.11224489795918371,
      0.2295918367346938
    ],
    [
      0.8476562499999997,
      0.04464285714285721,
      0.0489676339285715,
      0.05873325892857147
    ],
    [
      0.7558225660439467,
      0.16353863013223965,
      0.04047316876670327,
      0.04016563505711036
    ],
    [
      0.6776796784926743,
      0.24753104817624796,
      0.03803288895205714,
      0.03675638437902062
    ],
    [
      0.20152013120648438,
      0.7025861364261798,
      0.04880486305286294,
      0.04708886931447275
    ],
    [
      0.12566336349526602,
      0.299455046937014,
      0.29377411387276664,
      0.28110747569495326
    ],
    [
      0.07178668527445554,
      0.12648778406139988,
      0.11255076344303032,
      0.6891747672211143
    ],
    [
      0.04754264278578914,
      0.06218895226922015,
      0.2993251730996747,
      0.5909432318453159
    ],
    [
      0.038106159300477484,
      0.049586223962880566,
      0.09154239543817444,
      0.8207652212984674
    ],
    [
      0.06701281422740157,
      0.530338610365067,
      0.12427362574647738,
      0.2783749496610541
    ],
    [
      0.03912281568875689,
      0.8411261385639346,
      0.05300943128568952,
      0.06674161446161894
    ],
    [
      0.06860987102469054,
      0.33894198719680846,
      0.29601077358943845,
      0.29643736818906247
    ],
    [
      0.05670880817066478,
      0.13375834595675234,
      0.11153648556330786,
      0.697996360309275
    ],
    [
      0.5200100354206426,
      0.10609343722680135,
      0.1250271125402189,
      0.24886941481233701
    ]
  ],
  "actions": [
    0,
    0,
    0,
    0,
    0,
    0,
    0,
    0,
    0,
    0,
    0,
    0,
    0,
    0,
    0
  ],
  "model_parameters": {
    "A_shape": [
      6,
      4
    ],
    "B_shape": [
      4,
      4,
      1
    ],
    "C_shape": [
      6
    ],
    "D_shape": [
      4
    ],
    "num_states": 4,
    "num_observations": 6,
    "num_actions": 1
  },
  "metrics": {
    "expected_free_energy": [
      [
        -1.4619037623092515
      ],
      [
        -1.4556579419789772
      ],
      [
        -1.516330223636005
      ],
      [
        -1.5011940919050772
      ],
      [
        -1.4913158181210449
      ],
      [
        -1.492522533416205
      ],
      [
        -1.4351216624638048
      ],
      [
        -1.4614407755219783
      ],
      [
        -1.4625464647782507
      ],
      [
        -1.486880989252629
      ],
      [
        -1.4535244812459402
      ],
      [
        -1.5161051047707443
      ],
      [
        -1.440162636548401
      ],
      [
        -1.4633734683146782
      ],
      [
        -1.4484628411196316
      ]
    ],
    "belief_confidence": [
      0.6999999999999996,
      0.5714285714285714,
      0.8476562499999997,
      0.7558225660439467,
      0.6776796784926743,
      0.7025861364261798,
      0.299455046937014,
      0.6891747672211143,
      0.5909432318453159,
      0.8207652212984674,
      0.530338610365067,
      0.8411261385639346,
      0.33894198719680846,
      0.697996360309275,
      0.5200100354206426
    ],
    "cumulative_preference": [
      0.0,
      0.0,
      0.0,
      0.0,
      0.0,
      0.0,
      0.0,
      0.0,
      0.0,
      0.0,
      0.0,
      0.0,
      0.0,
      0.0,
      0.0
    ]
  },
  "validation": {
    "all_beliefs_valid": true,
    "beliefs_sum_to_one": true,
    "actions_in_range": true
  }
}