{
  "success": true,
  "framework": "PyMDP",
  "model_name": "Hidden Markov Model Baseline",
  "num_timesteps": 15,
  "simulation_trace": {
    "observations": [
      4,
      2,
      5,
      1,
      5,
      3,
      3,
      0,
      2,
      5,
      0,
      4,
      0,
      0,
      5
    ],
    "true_states": [
      1,
      1,
      1,
      1,
      1,
      3,
      3,
      0,
      0,
      0,
      0,
      0,
      0,
      0,
      0
    ],
    "beliefs": [
      [
        0.10000000000000009,
        0.10000000000000009,
        0.3999999999999999,
        0.3999999999999999
      ],
      [
        0.052631578947368494,
        0.0657894736842106,
        0.7828947368421049,
        0.09868421052631585
      ],
      [
        0.25698682942499207,
        0.42531320269836165,
        0.24477995502730476,
        0.07292001284934155
      ],
      [
        0.07754498059660549,
        0.8107581043471441,
        0.0700678138842069,
        0.041629101172043485
      ],
      [
        0.182023031351441,
        0.737227241490762,
        0.04322928301390665,
        0.037520444143890316
      ],
      [
        0.12216427806051271,
        0.31920566162710495,
        0.07320420211948495,
        0.4854258581928974
      ],
      [
        0.056702495963638744,
        0.09778032586893136,
        0.060578492090841804,
        0.7849386860765881
      ],
      [
        0.5200018904431879,
        0.09130502644610634,
        0.11572515952832123,
        0.27296792358238453
      ],
      [
        0.19517275056538416,
        0.07880577021959856,
        0.6139945417901391,
        0.11202693742487811
      ],
      [
        0.38132518169,
        0.3665348364869259,
        0.18363368977098227,
        0.06850629205209165
      ],
      [
        0.774215716888924,
        0.11379427148357986,
        0.06682906191157757,
        0.04516094971591862
      ],
      [
        0.31687840434236203,
        0.09820724027439036,
        0.3096896942537575,
        0.2752246611294901
      ],
      [
        0.7409943325307646,
        0.0692848543137089,
        0.10302510283755506,
        0.0866957103179714
      ],
      [
        0.893287661045652,
        0.035587718850001726,
        0.03753465373183005,
        0.03358996637251608
      ],
      [
        0.7748119003865431,
        0.15241803347359129,
        0.03719693635484974,
        0.03557312978501595
      ]
    ],
    "actions": [
      0,
      0,
      0,
      0,
      0,
      0,
      0,
      0,
      0,
      0,
      0,
      0,
      0,
      0,
      0
    ],
    "efe_history": [
      [
        -1.445249425079412
      ],
      [
        -1.4746408255153254
      ],
      [
        -1.4489935864653267
      ],
      [
        -1.510833738706628
      ],
      [
        -1.4994607380902991
      ],
      [
        -1.4405666215367998
      ],
      [
        -1.4757887580963724
      ],
      [
        -1.448807510862113
      ],
      [
        -1.4496360720197747
      ],
      [
        -1.4517811546258894
      ],
      [
        -1.501192361001946
      ],
      [
        -1.433513504340104
      ],
      [
        -1.4891498257838458
      ],
      [
        -1.5297998866314322
      ],
      [
        -1.5053054393562646
      ]
    ],
    "belief_confidence": [
      0.3999999999999999,
      0.7828947368421049,
      0.42531320269836165,
      0.8107581043471441,
      0.737227241490762,
      0.4854258581928974,
      0.7849386860765881,
      0.5200018904431879,
      0.6139945417901391,
      0.38132518169,
      0.774215716888924,
      0.31687840434236203,
      0.7409943325307646,
      0.893287661045652,
      0.7748119003865431
    ]
  },
  "observations": [
    4,
    2,
    5,
    1,
    5,
    3,
    3,
    0,
    2,
    5,
    0,
    4,
    0,
    0,
    5
  ],
  "true_states": [
    1,
    1,
    1,
    1,
    1,
    3,
    3,
    0,
    0,
    0,
    0,
    0,
    0,
    0,
    0
  ],
  "beliefs": [
    [
      0.10000000000000009,
      0.10000000000000009,
      0.3999999999999999,
      0.3999999999999999
    ],
    [
      0.052631578947368494,
      0.0657894736842106,
      0.7828947368421049,
      0.09868421052631585
    ],
    [
      0.25698682942499207,
      0.42531320269836165,
      0.24477995502730476,
      0.07292001284934155
    ],
    [
      0.07754498059660549,
      0.8107581043471441,
      0.0700678138842069,
      0.041629101172043485
    ],
    [
      0.182023031351441,
      0.737227241490762,
      0.04322928301390665,
      0.037520444143890316
    ],
    [
      0.12216427806051271,
      0.31920566162710495,
      0.07320420211948495,
      0.4854258581928974
    ],
    [
      0.056702495963638744,
      0.09778032586893136,
      0.060578492090841804,
      0.7849386860765881
    ],
    [
      0.5200018904431879,
      0.09130502644610634,
      0.11572515952832123,
      0.27296792358238453
    ],
    [
      0.19517275056538416,
      0.07880577021959856,
      0.6139945417901391,
      0.11202693742487811
    ],
    [
      0.38132518169,
      0.3665348364869259,
      0.18363368977098227,
      0.06850629205209165
    ],
    [
      0.774215716888924,
      0.11379427148357986,
      0.06682906191157757,
      0.04516094971591862
    ],
    [
      0.31687840434236203,
      0.09820724027439036,
      0.3096896942537575,
      0.2752246611294901
    ],
    [
      0.7409943325307646,
      0.0692848543137089,
      0.10302510283755506,
      0.0866957103179714
    ],
    [
      0.893287661045652,
      0.035587718850001726,
      0.03753465373183005,
      0.03358996637251608
    ],
    [
      0.7748119003865431,
      0.15241803347359129,
      0.03719693635484974,
      0.03557312978501595
    ]
  ],
  "actions": [
    0,
    0,
    0,
    0,
    0,
    0,
    0,
    0,
    0,
    0,
    0,
    0,
    0,
    0,
    0
  ],
  "model_parameters": {
    "A_shape": [
      6,
      4
    ],
    "B_shape": [
      4,
      4,
      1
    ],
    "C_shape": [
      6
    ],
    "D_shape": [
      4
    ],
    "num_states": 4,
    "num_observations": 6,
    "num_actions": 1
  },
  "metrics": {
    "expected_free_energy": [
      [
        -1.445249425079412
      ],
      [
        -1.4746408255153254
      ],
      [
        -1.4489935864653267
      ],
      [
        -1.510833738706628
      ],
      [
        -1.4994607380902991
      ],
      [
        -1.4405666215367998
      ],
      [
        -1.4757887580963724
      ],
      [
        -1.448807510862113
      ],
      [
        -1.4496360720197747
      ],
      [
        -1.4517811546258894
      ],
      [
        -1.501192361001946
      ],
      [
        -1.433513504340104
      ],
      [
        -1.4891498257838458
      ],
      [
        -1.5297998866314322
      ],
      [
        -1.5053054393562646
      ]
    ],
    "belief_confidence": [
      0.3999999999999999,
      0.7828947368421049,
      0.42531320269836165,
      0.8107581043471441,
      0.737227241490762,
      0.4854258581928974,
      0.7849386860765881,
      0.5200018904431879,
      0.6139945417901391,
      0.38132518169,
      0.774215716888924,
      0.31687840434236203,
      0.7409943325307646,
      0.893287661045652,
      0.7748119003865431
    ],
    "cumulative_preference": [
      0.0,
      0.0,
      0.0,
      0.0,
      0.0,
      0.0,
      0.0,
      0.0,
      0.0,
      0.0,
      0.0,
      0.0,
      0.0,
      0.0,
      0.0
    ]
  },
  "validation": {
    "all_beliefs_valid": true,
    "beliefs_sum_to_one": true,
    "actions_in_range": true
  }
}