{
  "success": true,
  "framework": "PyMDP",
  "model_name": "Hidden Markov Model Baseline",
  "num_timesteps": 15,
  "simulation_trace": {
    "observations": [
      3,
      0,
      3,
      3,
      3,
      4,
      5,
      0,
      3,
      1,
      1,
      1,
      5,
      1,
      5
    ],
    "true_states": [
      0,
      0,
      3,
      3,
      3,
      3,
      3,
      0,
      1,
      1,
      1,
      1,
      1,
      1,
      0
    ],
    "beliefs": [
      [
        0.10000000000000012,
        0.10000000000000012,
        0.10000000000000012,
        0.6999999999999996
      ],
      [
        0.5714285714285714,
        0.08673469387755105,
        0.11224489795918371,
        0.2295918367346938
      ],
      [
        0.1934908604547482,
        0.07133303611234962,
        0.07824342398573349,
        0.6569326794471687
      ],
      [
        0.06051714881450325,
        0.042182213177181606,
        0.05735832095189351,
        0.8399423170564215
      ],
      [
        0.03308641137220956,
        0.031808413691819276,
        0.05162192361531824,
        0.8834832513206529
      ],
      [
        0.03667770799249971,
        0.0380228100736813,
        0.26215271598896833,
        0.6631467659448507
      ],
      [
        0.2691658943437775,
        0.32878143079823197,
        0.16402290434870256,
        0.23802977050928803
      ],
      [
        0.7125335684489715,
        0.1220986720094848,
        0.08011469520169973,
        0.08525306433984384
      ],
      [
        0.284261095433965,
        0.09768006183545452,
        0.08006569742115811,
        0.5379931453094223
      ],
      [
        0.1352994596280632,
        0.5832422144116914,
        0.09693122028735557,
        0.1845271056728898
      ],
      [
        0.04821390053079156,
        0.8562038601842206,
        0.04441879740108323,
        0.05116344188390469
      ],
      [
        0.02737921983702826,
        0.9189133560733836,
        0.027038892278127516,
        0.02666853181146046
      ],
      [
        0.14063681240897966,
        0.7900517452107217,
        0.035086354823087126,
        0.03422508755721143
      ],
      [
        0.04129277845786332,
        0.9053890725776561,
        0.027090534384950796,
        0.02622761457952977
      ],
      [
        0.15068822105893356,
        0.7800874005246705,
        0.035073251843995124,
        0.03415112657240074
      ]
    ],
    "actions": [
      0,
      0,
      0,
      0,
      0,
      0,
      0,
      0,
      0,
      0,
      0,
      0,
      0,
      0,
      0
    ],
    "efe_history": [
      [
        -1.4619037623092515
      ],
      [
        -1.4556579419789772
      ],
      [
        -1.4547949999189491
      ],
      [
        -1.4877517967717542
      ],
      [
        -1.4982183023383333
      ],
      [
        -1.4721558769994616
      ],
      [
        -1.4349991160101756
      ],
      [
        -1.4854670388448155
      ],
      [
        -1.4428292721943137
      ],
      [
        -1.4609548958331395
      ],
      [
        -1.520868907665111
      ],
      [
        -1.538591003439291
      ],
      [
        -1.5093918871684313
      ],
      [
        -1.5352363605269546
      ],
      [
        -1.5076357063183063
      ]
    ],
    "belief_confidence": [
      0.6999999999999996,
      0.5714285714285714,
      0.6569326794471687,
      0.8399423170564215,
      0.8834832513206529,
      0.6631467659448507,
      0.32878143079823197,
      0.7125335684489715,
      0.5379931453094223,
      0.5832422144116914,
      0.8562038601842206,
      0.9189133560733836,
      0.7900517452107217,
      0.9053890725776561,
      0.7800874005246705
    ]
  },
  "observations": [
    3,
    0,
    3,
    3,
    3,
    4,
    5,
    0,
    3,
    1,
    1,
    1,
    5,
    1,
    5
  ],
  "true_states": [
    0,
    0,
    3,
    3,
    3,
    3,
    3,
    0,
    1,
    1,
    1,
    1,
    1,
    1,
    0
  ],
  "beliefs": [
    [
      0.10000000000000012,
      0.10000000000000012,
      0.10000000000000012,
      0.6999999999999996
    ],
    [
      0.5714285714285714,
      0.08673469387755105,
      0.11224489795918371,
      0.2295918367346938
    ],
    [
      0.1934908604547482,
      0.07133303611234962,
      0.07824342398573349,
      0.6569326794471687
    ],
    [
      0.06051714881450325,
      0.042182213177181606,
      0.05735832095189351,
      0.8399423170564215
    ],
    [
      0.03308641137220956,
      0.031808413691819276,
      0.05162192361531824,
      0.8834832513206529
    ],
    [
      0.03667770799249971,
      0.0380228100736813,
      0.26215271598896833,
      0.6631467659448507
    ],
    [
      0.2691658943437775,
      0.32878143079823197,
      0.16402290434870256,
      0.23802977050928803
    ],
    [
      0.7125335684489715,
      0.1220986720094848,
      0.08011469520169973,
      0.08525306433984384
    ],
    [
      0.284261095433965,
      0.09768006183545452,
      0.08006569742115811,
      0.5379931453094223
    ],
    [
      0.1352994596280632,
      0.5832422144116914,
      0.09693122028735557,
      0.1845271056728898
    ],
    [
      0.04821390053079156,
      0.8562038601842206,
      0.04441879740108323,
      0.05116344188390469
    ],
    [
      0.02737921983702826,
      0.9189133560733836,
      0.027038892278127516,
      0.02666853181146046
    ],
    [
      0.14063681240897966,
      0.7900517452107217,
      0.035086354823087126,
      0.03422508755721143
    ],
    [
      0.04129277845786332,
      0.9053890725776561,
      0.027090534384950796,
      0.02622761457952977
    ],
    [
      0.15068822105893356,
      0.7800874005246705,
      0.035073251843995124,
      0.03415112657240074
    ]
  ],
  "actions": [
    0,
    0,
    0,
    0,
    0,
    0,
    0,
    0,
    0,
    0,
    0,
    0,
    0,
    0,
    0
  ],
  "model_parameters": {
    "A_shape": [
      6,
      4
    ],
    "B_shape": [
      4,
      4,
      1
    ],
    "C_shape": [
      6
    ],
    "D_shape": [
      4
    ],
    "num_states": 4,
    "num_observations": 6,
    "num_actions": 1
  },
  "metrics": {
    "expected_free_energy": [
      [
        -1.4619037623092515
      ],
      [
        -1.4556579419789772
      ],
      [
        -1.4547949999189491
      ],
      [
        -1.4877517967717542
      ],
      [
        -1.4982183023383333
      ],
      [
        -1.4721558769994616
      ],
      [
        -1.4349991160101756
      ],
      [
        -1.4854670388448155
      ],
      [
        -1.4428292721943137
      ],
      [
        -1.4609548958331395
      ],
      [
        -1.520868907665111
      ],
      [
        -1.538591003439291
      ],
      [
        -1.5093918871684313
      ],
      [
        -1.5352363605269546
      ],
      [
        -1.5076357063183063
      ]
    ],
    "belief_confidence": [
      0.6999999999999996,
      0.5714285714285714,
      0.6569326794471687,
      0.8399423170564215,
      0.8834832513206529,
      0.6631467659448507,
      0.32878143079823197,
      0.7125335684489715,
      0.5379931453094223,
      0.5832422144116914,
      0.8562038601842206,
      0.9189133560733836,
      0.7900517452107217,
      0.9053890725776561,
      0.7800874005246705
    ],
    "cumulative_preference": [
      0.0,
      0.0,
      0.0,
      0.0,
      0.0,
      0.0,
      0.0,
      0.0,
      0.0,
      0.0,
      0.0,
      0.0,
      0.0,
      0.0,
      0.0
    ]
  },
  "validation": {
    "all_beliefs_valid": true,
    "beliefs_sum_to_one": true,
    "actions_in_range": true
  }
}