{
  "framework": "pytorch",
  "model_name": "actinf_pomdp_agent",
  "script_name": "Active Inference POMDP Agent_pytorch.py",
  "script_path": "output/11_render_output/actinf_pomdp_agent/pytorch/Active Inference POMDP Agent_pytorch.py",
  "success": true,
  "return_code": 0,
  "execution_time": 0.513424,
  "timestamp": "2026-05-22T06:18:51.524224",
  "simulation_data": {
    "traces": [],
    "free_energy": [],
    "states": [],
    "observations": [
      0,
      2,
      2,
      0,
      0,
      1,
      1,
      1,
      0,
      0,
      0,
      1,
      0,
      1,
      2,
      0,
      1,
      2,
      0,
      1,
      1,
      0,
      1,
      2,
      1,
      1,
      1,
      2,
      2,
      0
    ],
    "actions": [
      2,
      0,
      2,
      0,
      1,
      2,
      2,
      2,
      1,
      1,
      0,
      1,
      0,
      2,
      2,
      1,
      0,
      1,
      1,
      2,
      1,
      1,
      0,
      0,
      0,
      2,
      2,
      2,
      1,
      0
    ],
    "policy": [],
    "raw_output": "PyTorch POMDP simulation complete: 30 timesteps in 0.003s\nResults saved to: output/12_execute_output/actinf_pomdp_agent/pytorch/simulation_data/simulation_results.json\nValidation: {'beliefs_in_range': True, 'beliefs_sum_to_one': True, 'actions_in_range': True, 'all_valid': True}\n",
    "raw_error": "",
    "beliefs": [
      [
        0.8999999999999997,
        0.04999999999999999,
        0.04999999999999999
      ],
      [
        0.48648648648648596,
        0.027027027027027004,
        0.486486486486486
      ],
      [
        0.05247813411078715,
        0.0029154518950437317,
        0.9446064139941689
      ],
      [
        0.4992295839753461,
        0.0015408320493066245,
        0.4992295839753463
      ],
      [
        0.947214552541822,
        0.00016241676140977748,
        0.05262303069676791
      ],
      [
        0.9446064139941673,
        0.0029154518950437274,
        0.0524781341107871
      ],
      [
        0.8999999999999981,
        0.04999999999999992,
        0.04999999999999992
      ],
      [
        0.48648648648648585,
        0.48648648648648607,
        0.027027027027027008
      ],
      [
        0.9446064139941689,
        0.05247813411078719,
        0.0029154518950437335
      ],
      [
        0.9967526918475472,
        0.0030763971970603327,
        0.00017091095539224075
      ],
      [
        0.9998190390018571,
        0.00017143673508262307,
        9.524263060145728e-06
      ],
      [
        0.9969136095573621,
        0.003076893856658527,
        9.496585977341133e-06
      ],
      [
        0.9998280325923212,
        0.0001714382771934708,
        5.291304851650335e-07
      ],
      [
        0.9969225509535958,
        0.0030769214535604824,
        5.275928418313585e-07
      ],
      [
        0.9969136095573623,
        0.003076893856658527,
        9.496585977341133e-06
      ],
      [
        0.9998280325923212,
        0.00017143827719347078,
        5.291304851650332e-07
      ],
      [
        0.9969225509535958,
        0.003076921453560482,
        5.275928418313583e-07
      ],
      [
        0.9969136095573623,
        0.0030768938566585265,
        9.49658597734113e-06
      ],
      [
        0.9998280325923212,
        0.00017143827719347075,
        5.291304851650331e-07
      ],
      [
        0.9969225509535958,
        0.0030769214535604815,
        5.275928418313582e-07
      ],
      [
        0.9473679460729122,
        0.05263155255960624,
        5.013674798011568e-07
      ],
      [
        0.9969230477025356,
        0.0030769229867362215,
        2.931072804008746e-08
      ],
      [
        0.9473683946648553,
        0.052631577481380865,
        2.785376206698084e-08
      ],
      [
        0.9473679460729121,
        0.05263155255960624,
        5.013674798011566e-07
      ],
      [
        0.4999998676946609,
        0.499999867694661,
        2.64610676987894e-07
      ],
      [
        0.05263157748138093,
        0.9473683946648568,
        2.785376206698088e-08
      ],
      [
        0.0030769230719126955,
        0.9969230752997134,
        1.62837382508208e-09
      ],
      [
        0.0030769229867362155,
        0.9969230477025338,
        2.9310728040087405e-08
      ],
      [
        0.003076921453560481,
        0.9969225509535958,
        5.275928418313582e-07
      ],
      [
        0.05263155255960623,
        0.9473679460729121,
        5.013674798011568e-07
      ]
    ],
    "num_timesteps": 30
  },
  "execution_benchmark_repeats": 1,
  "execution_metadata": {
    "executor": "/Users/mini/Documents/GitHub/GeneralizedNotationNotation/.venv/bin/python",
    "stdout_length": 280,
    "stderr_length": 0,
    "output_directory": "output/12_execute_output/actinf_pomdp_agent/pytorch"
  },
  "execution_time_mean": 0.513424,
  "execution_time_std": 0.0,
  "execution_time_samples": [
    0.513424
  ],
  "collected_outputs": {
    "visualizations": [],
    "simulation_data": [
      "output/12_execute_output/actinf_pomdp_agent/pytorch/simulation_data/simulation_results.json"
    ],
    "traces": [],
    "other": []
  }
}