{
  "metrics": {
    "expected_free_energy": [
      1.808390338156589,
      2.30922159352357,
      1.8031895568505905,
      1.7850782212042213,
      1.7840798930979411,
      2.1347353292138864,
      2.5517554813709156,
      2.098799618648022,
      2.0842953736422314,
      1.7840379483697653,
      1.7805704354980834,
      2.0261057078961717,
      1.7242895733695136,
      1.7984072165071636,
      1.7686288034525741,
      0.6299013737180834,
      0.47865652228740396,
      0.49643401478309873,
      0.4894454372446431,
      0.4918184480568002,
      0.47503698853347015,
      0.4965144005445483,
      0.5291939189205546,
      0.5003921940408426,
      0.4894812526375079,
      0.5000672159008079,
      0.536011273560574,
      0.474635491341565,
      0.47890398809007373,
      1.2572235503067029
    ],
    "policy_posterior": [
      [
        0.1699513379513589,
        0.0892974786490125,
        0.2718560629216893,
        0.46889512047793935
      ],
      [
        0.13404208032208179,
        0.06623063621796979,
        0.25607154521751185,
        0.5436557382424365
      ],
      [
        0.12906507318182978,
        0.06150941144198253,
        0.2560411074264415,
        0.5533844079497463
      ],
      [
        0.13443886841591446,
        0.06546744762797149,
        0.25760918253524073,
        0.5424845014208733
      ],
      [
        0.13469316734143882,
        0.06566383096216709,
        0.2577235525914878,
        0.5419194491049062
      ],
      [
        0.09995369425639036,
        0.1871567157627229,
        0.15600040199733933,
        0.5568891879835475
      ],
      [
        0.041703570804677806,
        0.11330225899774811,
        0.11828342380363381,
        0.7267107463939404
      ],
      [
        0.03951872354859771,
        0.10874963120027566,
        0.11621316421125139,
        0.7355184810398753
      ],
      [
        0.041724895089559955,
        0.11389851590894129,
        0.11914826404809982,
        0.7252283249533988
      ],
      [
        0.20706468134831388,
        0.1269377242524409,
        0.2409555095587784,
        0.42504208484046685
      ],
      [
        0.13678480375454202,
        0.06771263388312436,
        0.2554075970377265,
        0.540094965324607
      ],
      [
        0.10886261454239687,
        0.08661156263218912,
        0.35307956153723,
        0.451446261288184
      ],
      [
        0.15923914708385165,
        0.0704532329030624,
        0.29552943603392456,
        0.47477818397916155
      ],
      [
        0.09269504886059321,
        0.07371584449246221,
        0.3510075664617186,
        0.48258154018522603
      ],
      [
        0.17052120860243414,
        0.07963363217271385,
        0.30230828054115255,
        0.4475368786836994
      ],
      [
        0.2940875816770657,
        0.23963318060305533,
        0.2737067614722757,
        0.19257247624760324
      ],
      [
        0.26548230087187275,
        0.27357554814813917,
        0.25138865794647713,
        0.20955349303351087
      ],
      [
        0.26134868301076664,
        0.270517081679615,
        0.25238387833225867,
        0.2157503569773597
      ],
      [
        0.2593899303228419,
        0.2779605984465455,
        0.24744768133962777,
        0.21520178989098476
      ],
      [
        0.25767554433466955,
        0.27564477362266027,
        0.2493151671651296,
        0.2173645148775406
      ],
      [
        0.2576129837772635,
        0.2755888558761091,
        0.2493602052607269,
        0.2174379550859005
      ],
      [
        0.2609172328354059,
        0.27068169637571915,
        0.252227382037683,
        0.21617368875119183
      ],
      [
        0.2884202878101189,
        0.29660362326809553,
        0.23700722453341164,
        0.17796886438837375
      ],
      [
        0.26070484373597436,
        0.2758450443638093,
        0.24965213989939233,
        0.213797972000824
      ],
      [
        0.2593884607234929,
        0.2781036203404026,
        0.24737568995599363,
        0.21513222898011083
      ],
      [
        0.25767603606856054,
        0.2756489148987302,
        0.24931302304008135,
        0.21736202599262786
      ],
      [
        0.25922329000176,
        0.27816166731563313,
        0.24730876879881278,
        0.21530627388379406
      ],
      [
        0.2624919089509387,
        0.27607555034097364,
        0.24912038330734304,
        0.21231215740074463
      ],
      [
        0.26114518379641016,
        0.2706564029346752,
        0.2522589860462695,
        0.2159394272226452
      ],
      [
        0.2236836114320075,
        0.15112679179976266,
        0.29942873248231777,
        0.325760864285912
      ]
    ],
    "belief_confidence": [
      0.725,
      0.8871640101857965,
      0.6977117911123925,
      0.6905336122277673,
      0.6901670876577248,
      0.7123692817196513,
      0.8885824468788441,
      0.6978380627451515,
      0.6905427003980259,
      0.6462010977035804,
      0.6881263863800988,
      0.7096701057448179,
      0.6415362030348472,
      0.6851753810563228,
      0.7032313356108619,
      0.6119844643298085,
      0.877384809826356,
      0.7948076264437522,
      0.8934546436560219,
      0.8970134311715655,
      0.8974539568614007,
      0.7956369123585546,
      0.7368368299345157,
      0.7904349426310957,
      0.8932805575864872,
      0.7973516044063644,
      0.69578632929676,
      0.8861077205735223,
      0.8938654167308598,
      0.5434365735606009
    ]
  },
  "efe_per_action": [
    [
      1.9258304874233205,
      2.0867152113879195,
      1.808390338156589,
      1.672113744674413
    ],
    [
      2.1329689324569188,
      2.30922159352357,
      1.9711431584487744,
      1.782928325079093
    ],
    [
      2.167123599726459,
      2.352405231166871,
      1.9958682779688997,
      1.8031895568505905
    ],
    [
      2.133840703802963,
      2.3137298411721705,
      1.971257190232835,
      1.7850782212042213
    ],
    [
      2.132109396944292,
      2.3117221722697128,
      1.9698873590072588,
      1.7840798930979411
    ],
    [
      2.2915451534099343,
      2.1347353292138864,
      2.180257262698823,
      1.862130339796636
    ],
    [
      2.8016235688924596,
      2.5517554813709156,
      2.5409993475881465,
      2.087138126516422
    ],
    [
      2.8297498920024964,
      2.576681465698827,
      2.560087003560499,
      2.098799618648022
    ],
    [
      2.7981425188998044,
      2.5470900475543634,
      2.5358248492102655,
      2.0842953736422314
    ],
    [
      1.8219332218873243,
      1.9442668740780007,
      1.7840379483697653,
      1.6421439787779293
    ],
    [
      2.123904453112114,
      2.299688487397471,
      1.9677915097500025,
      1.7805704354980834
    ],
    [
      2.0261057078961717,
      2.083269044357386,
      1.731954020862356,
      1.6705132896555501
    ],
    [
      1.997399716349129,
      2.2012642201820274,
      1.8428093902833969,
      1.7242895733695136
    ],
    [
      2.1312803963343323,
      2.188554720928731,
      1.7984072165071636,
      1.7188216861074166
    ],
    [
      1.9117757068506978,
      2.1021314971679734,
      1.7686288034525741,
      1.67055089055872
    ],
    [
      0.6119462986827702,
      0.6631383686491111,
      0.6299013737180834,
      0.7177975579277543
    ],
    [
      0.48616393125587587,
      0.47865652228740396,
      0.49980093013228144,
      0.5453062141639543
    ],
    [
      0.4877079620764894,
      0.4790880173607203,
      0.49643401478309873,
      0.535641332430947
    ],
    [
      0.4894454372446431,
      0.4721587073895835,
      0.5012287574652643,
      0.5361345138517529
    ],
    [
      0.4918184480568002,
      0.4749655052426906,
      0.5000642944861406,
      0.5343498173257654
    ],
    [
      0.4918999151926483,
      0.47503698853347015,
      0.5000398994959357,
      0.5342861276830743
    ],
    [
      0.48804633776713463,
      0.47886125352316466,
      0.4965144005445483,
      0.5350765983450524
    ],
    [
      0.5291939189205546,
      0.5221994447658638,
      0.5782759501918049,
      0.6498964522188955
    ],
    [
      0.48956209604320255,
      0.47544950252028745,
      0.5003921940408426,
      0.5391514429054288
    ],
    [
      0.4894812526375079,
      0.47206450441851716,
      0.501335900981303,
      0.5362497348400623
    ],
    [
      0.491818742361724,
      0.47496252067166134,
      0.5000672159008079,
      0.5343534513033341
    ],
    [
      0.4896042061346925,
      0.47197603915302777,
      0.5013672515850558,
      0.536011273560574
    ],
    [
      0.4872490670580523,
      0.474635491341565,
      0.5003200700037241,
      0.540289723620227
    ],
    [
      0.48784739262971055,
      0.47890398809007373,
      0.49650245019266304,
      0.5353670360277814
    ],
    [
      1.3301345077595383,
      1.4281628675523166,
      1.2572235503067029,
      1.2361517671067574
    ]
  ],
  "runtime_metadata": {
    "random_seed": 42,
    "activeinference_jl_version": "0.1.2",
    "julia_version": "1.12.6",
    "schema_version": "activeinference_jl_simulation_v1",
    "generated_at": "2026-05-22T06:20:39.967"
  },
  "expected_free_energy": [
    1.808390338156589,
    2.30922159352357,
    1.8031895568505905,
    1.7850782212042213,
    1.7840798930979411,
    2.1347353292138864,
    2.5517554813709156,
    2.098799618648022,
    2.0842953736422314,
    1.7840379483697653,
    1.7805704354980834,
    2.0261057078961717,
    1.7242895733695136,
    1.7984072165071636,
    1.7686288034525741,
    0.6299013737180834,
    0.47865652228740396,
    0.49643401478309873,
    0.4894454372446431,
    0.4918184480568002,
    0.47503698853347015,
    0.4965144005445483,
    0.5291939189205546,
    0.5003921940408426,
    0.4894812526375079,
    0.5000672159008079,
    0.536011273560574,
    0.474635491341565,
    0.47890398809007373,
    1.2572235503067029
  ],
  "beliefs_by_factor": {
    "joint_state": [
      [
        0.11499999999999999,
        0.027499999999999997,
        0.725,
        0.13249999999999998
      ],
      [
        0.004008299537866642,
        0.09939639724606245,
        0.8871640101857965,
        0.00943129303027445
      ],
      [
        0.10007501456165022,
        0.10186018462407409,
        0.6977117911123925,
        0.10035300970188331
      ],
      [
        0.10235283634763255,
        0.1023948069936322,
        0.6905336122277673,
        0.10471874443096797
      ],
      [
        0.10242989520757534,
        0.10243089160665145,
        0.6901670876577248,
        0.10497212552804848
      ],
      [
        0.7123692817196513,
        0.054057289573014,
        0.13475214092304974,
        0.09882128778428488
      ],
      [
        0.8885824468788441,
        0.004262839551176964,
        0.005047106080010159,
        0.10210760748996874
      ],
      [
        0.6978380627451515,
        0.1001593354141395,
        0.10009432477199881,
        0.1019082770687103
      ],
      [
        0.6905427003980259,
        0.10470885785711596,
        0.10235290073414767,
        0.10239554101071044
      ],
      [
        0.2009465394308762,
        0.03699249117615548,
        0.6462010977035804,
        0.11585987168938801
      ],
      [
        0.10508020226516744,
        0.10093522057159852,
        0.6881263863800988,
        0.10585819078313521
      ],
      [
        0.04306559719054126,
        0.7096701057448179,
        0.21188447189858395,
        0.03537982516605692
      ],
      [
        0.10305742870356314,
        0.15038280885238642,
        0.6415362030348472,
        0.10502355940920315
      ],
      [
        0.03762656523630375,
        0.6851753810563228,
        0.16888809161567342,
        0.10830996209170006
      ],
      [
        0.09399108421100308,
        0.08171147277366915,
        0.7032313356108619,
        0.12106610740446584
      ],
      [
        0.10969988624799652,
        0.08595276446026631,
        0.19236288496192872,
        0.6119844643298085
      ],
      [
        0.004746419269556001,
        0.005122545174599675,
        0.11274622572948835,
        0.877384809826356
      ],
      [
        0.10008831337864486,
        0.0994040622339487,
        0.0056999979436542555,
        0.7948076264437522
      ],
      [
        0.10239350277753069,
        0.003451033912594639,
        0.0007008196538527389,
        0.8934546436560219
      ],
      [
        0.10252325577971184,
        0.0004135300164680076,
        4.978303225466555e-5,
        0.8970134311715655
      ],
      [
        0.002849538564663378,
        1.179587865105989e-5,
        0.09968470869528485,
        0.8974539568614007
      ],
      [
        0.10006131843308964,
        0.09938700912770405,
        0.004914760080651766,
        0.7956369123585546
      ],
      [
        0.12663945513726457,
        0.05054469157852494,
        0.08597902334969473,
        0.7368368299345157
      ],
      [
        0.1031104117442555,
        0.10067666225270559,
        0.0057779833719433064,
        0.7904349426310957
      ],
      [
        0.10248561487465127,
        0.0035199342111647495,
        0.0007138933276967638,
        0.8932805575864872
      ],
      [
        0.10221251377085705,
        0.10007193977712574,
        0.0003639420456527711,
        0.7973516044063644
      ],
      [
        0.10212149606171239,
        0.10207706687070663,
        0.10001510777082101,
        0.69578632929676
      ],
      [
        0.004012057996984959,
        0.004395333296252378,
        0.1054848881332404,
        0.8861077205735223
      ],
      [
        0.00012610459094603417,
        0.0007799924845353652,
        0.10522848619365875,
        0.8938654167308598
      ],
      [
        0.10000184224827689,
        0.0321703628038054,
        0.5434365735606009,
        0.3243912213873168
      ]
    ]
  },
  "policy_posterior": [
    [
      0.1699513379513589,
      0.0892974786490125,
      0.2718560629216893,
      0.46889512047793935
    ],
    [
      0.13404208032208179,
      0.06623063621796979,
      0.25607154521751185,
      0.5436557382424365
    ],
    [
      0.12906507318182978,
      0.06150941144198253,
      0.2560411074264415,
      0.5533844079497463
    ],
    [
      0.13443886841591446,
      0.06546744762797149,
      0.25760918253524073,
      0.5424845014208733
    ],
    [
      0.13469316734143882,
      0.06566383096216709,
      0.2577235525914878,
      0.5419194491049062
    ],
    [
      0.09995369425639036,
      0.1871567157627229,
      0.15600040199733933,
      0.5568891879835475
    ],
    [
      0.041703570804677806,
      0.11330225899774811,
      0.11828342380363381,
      0.7267107463939404
    ],
    [
      0.03951872354859771,
      0.10874963120027566,
      0.11621316421125139,
      0.7355184810398753
    ],
    [
      0.041724895089559955,
      0.11389851590894129,
      0.11914826404809982,
      0.7252283249533988
    ],
    [
      0.20706468134831388,
      0.1269377242524409,
      0.2409555095587784,
      0.42504208484046685
    ],
    [
      0.13678480375454202,
      0.06771263388312436,
      0.2554075970377265,
      0.540094965324607
    ],
    [
      0.10886261454239687,
      0.08661156263218912,
      0.35307956153723,
      0.451446261288184
    ],
    [
      0.15923914708385165,
      0.0704532329030624,
      0.29552943603392456,
      0.47477818397916155
    ],
    [
      0.09269504886059321,
      0.07371584449246221,
      0.3510075664617186,
      0.48258154018522603
    ],
    [
      0.17052120860243414,
      0.07963363217271385,
      0.30230828054115255,
      0.4475368786836994
    ],
    [
      0.2940875816770657,
      0.23963318060305533,
      0.2737067614722757,
      0.19257247624760324
    ],
    [
      0.26548230087187275,
      0.27357554814813917,
      0.25138865794647713,
      0.20955349303351087
    ],
    [
      0.26134868301076664,
      0.270517081679615,
      0.25238387833225867,
      0.2157503569773597
    ],
    [
      0.2593899303228419,
      0.2779605984465455,
      0.24744768133962777,
      0.21520178989098476
    ],
    [
      0.25767554433466955,
      0.27564477362266027,
      0.2493151671651296,
      0.2173645148775406
    ],
    [
      0.2576129837772635,
      0.2755888558761091,
      0.2493602052607269,
      0.2174379550859005
    ],
    [
      0.2609172328354059,
      0.27068169637571915,
      0.252227382037683,
      0.21617368875119183
    ],
    [
      0.2884202878101189,
      0.29660362326809553,
      0.23700722453341164,
      0.17796886438837375
    ],
    [
      0.26070484373597436,
      0.2758450443638093,
      0.24965213989939233,
      0.213797972000824
    ],
    [
      0.2593884607234929,
      0.2781036203404026,
      0.24737568995599363,
      0.21513222898011083
    ],
    [
      0.25767603606856054,
      0.2756489148987302,
      0.24931302304008135,
      0.21736202599262786
    ],
    [
      0.25922329000176,
      0.27816166731563313,
      0.24730876879881278,
      0.21530627388379406
    ],
    [
      0.2624919089509387,
      0.27607555034097364,
      0.24912038330734304,
      0.21231215740074463
    ],
    [
      0.26114518379641016,
      0.2706564029346752,
      0.2522589860462695,
      0.2159394272226452
    ],
    [
      0.2236836114320075,
      0.15112679179976266,
      0.29942873248231777,
      0.325760864285912
    ]
  ],
  "actions": [
    2,
    1,
    3,
    3,
    3,
    1,
    1,
    3,
    3,
    2,
    3,
    0,
    3,
    2,
    2,
    2,
    1,
    2,
    0,
    0,
    1,
    2,
    0,
    2,
    0,
    2,
    3,
    1,
    1,
    2
  ],
  "model_parameters": {
    "num_observations": 4,
    "E_shape": [
      4
    ],
    "A_shape": [
      4,
      4
    ],
    "D_shape": [
      4
    ],
    "B_shape": [
      4,
      4,
      4
    ],
    "num_actions": 4,
    "C_shape": [
      4
    ],
    "num_states": 4
  },
  "num_timesteps": 30,
  "true_states": [
    2,
    2,
    2,
    2,
    0,
    0,
    0,
    0,
    2,
    2,
    2,
    2,
    1,
    2,
    3,
    3,
    3,
    3,
    3,
    3,
    3,
    3,
    3,
    3,
    3,
    3,
    3,
    3,
    2,
    2
  ],
  "framework": "ActiveInference.jl",
  "observations_by_modality": {
    "joint_observation": [
      2,
      2,
      2,
      2,
      2,
      0,
      0,
      0,
      0,
      2,
      2,
      1,
      2,
      1,
      2,
      3,
      3,
      3,
      3,
      3,
      3,
      3,
      2,
      3,
      3,
      3,
      3,
      3,
      3,
      2
    ]
  },
  "observations": [
    2,
    2,
    2,
    2,
    2,
    0,
    0,
    0,
    0,
    2,
    2,
    1,
    2,
    1,
    2,
    3,
    3,
    3,
    3,
    3,
    3,
    3,
    2,
    3,
    3,
    3,
    3,
    3,
    3,
    2
  ],
  "matrix_provenance": {
    "A": {
      "derived": false,
      "shape": [
        4,
        4
      ],
      "source": "InitialParameterization"
    },
    "B": {
      "canonical_order": "next_state_previous_state_action",
      "derived": false,
      "shape": [
        4,
        4,
        4
      ],
      "source": "InitialParameterization",
      "source_order": "next_state_previous_state_action"
    },
    "C": {
      "derived": false,
      "shape": [
        4
      ],
      "source": "InitialParameterization"
    },
    "D": {
      "derived": false,
      "shape": [
        4
      ],
      "source": "InitialParameterization"
    }
  },
  "success": true,
  "validation": {
    "all_beliefs_valid": true,
    "actions_in_range": true,
    "all_valid": true,
    "beliefs_sum_to_one": true
  },
  "actions_by_control_factor": {
    "joint_action": [
      2,
      1,
      3,
      3,
      3,
      1,
      1,
      3,
      3,
      2,
      3,
      0,
      3,
      2,
      2,
      2,
      1,
      2,
      0,
      0,
      1,
      2,
      0,
      2,
      0,
      2,
      3,
      1,
      1,
      2
    ]
  },
  "hidden_states_by_factor": {
    "joint_state": [
      2,
      2,
      2,
      2,
      0,
      0,
      0,
      0,
      2,
      2,
      2,
      2,
      1,
      2,
      3,
      3,
      3,
      3,
      3,
      3,
      3,
      3,
      3,
      3,
      3,
      3,
      3,
      3,
      2,
      2
    ]
  },
  "model_name": "Deep Planning Horizon POMDP",
  "schema_version": "activeinference_jl_simulation_v1",
  "variational_free_energy": [],
  "beliefs": [
    [
      0.11499999999999999,
      0.027499999999999997,
      0.725,
      0.13249999999999998
    ],
    [
      0.004008299537866642,
      0.09939639724606245,
      0.8871640101857965,
      0.00943129303027445
    ],
    [
      0.10007501456165022,
      0.10186018462407409,
      0.6977117911123925,
      0.10035300970188331
    ],
    [
      0.10235283634763255,
      0.1023948069936322,
      0.6905336122277673,
      0.10471874443096797
    ],
    [
      0.10242989520757534,
      0.10243089160665145,
      0.6901670876577248,
      0.10497212552804848
    ],
    [
      0.7123692817196513,
      0.054057289573014,
      0.13475214092304974,
      0.09882128778428488
    ],
    [
      0.8885824468788441,
      0.004262839551176964,
      0.005047106080010159,
      0.10210760748996874
    ],
    [
      0.6978380627451515,
      0.1001593354141395,
      0.10009432477199881,
      0.1019082770687103
    ],
    [
      0.6905427003980259,
      0.10470885785711596,
      0.10235290073414767,
      0.10239554101071044
    ],
    [
      0.2009465394308762,
      0.03699249117615548,
      0.6462010977035804,
      0.11585987168938801
    ],
    [
      0.10508020226516744,
      0.10093522057159852,
      0.6881263863800988,
      0.10585819078313521
    ],
    [
      0.04306559719054126,
      0.7096701057448179,
      0.21188447189858395,
      0.03537982516605692
    ],
    [
      0.10305742870356314,
      0.15038280885238642,
      0.6415362030348472,
      0.10502355940920315
    ],
    [
      0.03762656523630375,
      0.6851753810563228,
      0.16888809161567342,
      0.10830996209170006
    ],
    [
      0.09399108421100308,
      0.08171147277366915,
      0.7032313356108619,
      0.12106610740446584
    ],
    [
      0.10969988624799652,
      0.08595276446026631,
      0.19236288496192872,
      0.6119844643298085
    ],
    [
      0.004746419269556001,
      0.005122545174599675,
      0.11274622572948835,
      0.877384809826356
    ],
    [
      0.10008831337864486,
      0.0994040622339487,
      0.0056999979436542555,
      0.7948076264437522
    ],
    [
      0.10239350277753069,
      0.003451033912594639,
      0.0007008196538527389,
      0.8934546436560219
    ],
    [
      0.10252325577971184,
      0.0004135300164680076,
      4.978303225466555e-5,
      0.8970134311715655
    ],
    [
      0.002849538564663378,
      1.179587865105989e-5,
      0.09968470869528485,
      0.8974539568614007
    ],
    [
      0.10006131843308964,
      0.09938700912770405,
      0.004914760080651766,
      0.7956369123585546
    ],
    [
      0.12663945513726457,
      0.05054469157852494,
      0.08597902334969473,
      0.7368368299345157
    ],
    [
      0.1031104117442555,
      0.10067666225270559,
      0.0057779833719433064,
      0.7904349426310957
    ],
    [
      0.10248561487465127,
      0.0035199342111647495,
      0.0007138933276967638,
      0.8932805575864872
    ],
    [
      0.10221251377085705,
      0.10007193977712574,
      0.0003639420456527711,
      0.7973516044063644
    ],
    [
      0.10212149606171239,
      0.10207706687070663,
      0.10001510777082101,
      0.69578632929676
    ],
    [
      0.004012057996984959,
      0.004395333296252378,
      0.1054848881332404,
      0.8861077205735223
    ],
    [
      0.00012610459094603417,
      0.0007799924845353652,
      0.10522848619365875,
      0.8938654167308598
    ],
    [
      0.10000184224827689,
      0.0321703628038054,
      0.5434365735606009,
      0.3243912213873168
    ]
  ]
}