{
  "free_energy_trace": [
    2.4849885459791614,
    2.448479212415799,
    2.4155262800483803,
    2.346533162874307,
    2.3043882830024174,
    2.2684751581455482,
    2.2092883497717497,
    2.162568139880633,
    2.1382198458085897,
    2.091639508313782,
    2.0410553227950325,
    2.0029190178683476,
    1.9790475041067948,
    1.9111222222807616,
    1.8886662269045762,
    1.8249294225698376,
    1.8200221153356992,
    1.7783751714143092,
    1.7439271254037307,
    1.7022426843922471,
    1.6774066757618382,
    1.6355521906097197,
    1.607663511282154,
    1.5607680676217857,
    1.5466711834281033,
    1.486930631480605,
    1.4611106330991397,
    1.461671157395076,
    1.4155919428240389,
    1.4170947569541374,
    1.3482485674342863,
    1.3255210097383827,
    1.3001448898758659,
    1.2668167098551313,
    1.2596482506490205,
    1.2414777568843314,
    1.190208466859653,
    1.1876392321980072,
    1.1562229112108817,
    1.1360294888566504,
    1.0969803585716893,
    1.0913717944675498,
    1.0559622230841308,
    1.0486217358898868,
    1.0282544692724302,
    1.0013615009593706,
    0.9844578184728499,
    0.9730002241392061,
    0.9499892287821483,
    0.938100530792393,
    0.9052533385946029,
    0.8860181259797908,
    0.8900737708819089,
    0.8507104975724142,
    0.8316429876761193,
    0.8194727435649543,
    0.8053697196456271,
    0.7693051301463439,
    0.7749848744342944,
    0.7546802934910212,
    0.7439740290676087,
    0.7337934778700312,
    0.7365103523487658,
    0.6922840365605664,
    0.6739682213698694,
    0.6654901922598592,
    0.6528907871578442,
    0.6401958091015352,
    0.6305134505923039,
    0.6094036877515236,
    0.6202804993892582,
    0.6036602383041998,
    0.5742652820987568,
    0.5468132793635249,
    0.5600865811577138,
    0.5483958643777019,
    0.553252042751848,
    0.523497343568633,
    0.520735899214195,
    0.5127619604300604,
    0.47943977132854504,
    0.4697068729857849,
    0.4810013330774693,
    0.4647182432006131,
    0.46256198390363246,
    0.45113949565494577,
    0.41717673011486167,
    0.433368685875276,
    0.4062636923924594,
    0.40729062603886285,
    0.4063749679935757,
    0.39247762336919795,
    0.3994377891461761,
    0.36776821473091925,
    0.3513643340123209,
    0.36654085939526476,
    0.3685269454348901,
    0.3434009265623806,
    0.3513517348245665,
    0.333787362301321
  ],
  "belief_states": [
    [
      0.34012305794186337,
      0.29648058308428277,
      0.36339635897385386
    ],
    [
      0.33431189857579724,
      0.3024368570689825,
      0.3632512443552202
    ],
    [
      0.3242455534648747,
      0.3147333098651128,
      0.3610211366700125
    ],
    [
      0.3184482673104371,
      0.31841059797159216,
      0.3631411347179707
    ],
    [
      0.3163510990388069,
      0.31568956310459334,
      0.36795933785659984
    ],
    [
      0.3357932692812951,
      0.3135855797773254,
      0.3506211509413796
    ],
    [
      0.3275215141848986,
      0.30978768115017025,
      0.3626908046649311
    ],
    [
      0.32663535093841156,
      0.30364330208645973,
      0.3697213469751287
    ],
    [
      0.3250286291464511,
      0.3118830405080588,
      0.3630883303454901
    ],
    [
      0.33120740815548505,
      0.30718301709491475,
      0.36160957474960015
    ],
    [
      0.32559502723994804,
      0.3084324961516042,
      0.3659724766084478
    ],
    [
      0.32795590888415965,
      0.2991025539557134,
      0.37294153716012685
    ],
    [
      0.3283192161197653,
      0.2979845182252013,
      0.3736962656550335
    ],
    [
      0.3394858561900964,
      0.2917812254591842,
      0.3687329183507195
    ],
    [
      0.33375655855267133,
      0.3069105067907239,
      0.35933293465660465
    ],
    [
      0.32025829763508706,
      0.3101833642267995,
      0.36955833813811345
    ],
    [
      0.31868022051311484,
      0.2947504899222914,
      0.3865692895645937
    ],
    [
      0.33177801148892055,
      0.31189982755288687,
      0.35632216095819275
    ],
    [
      0.32564946959704305,
      0.3044861860826077,
      0.3698643443203493
    ],
    [
      0.33824873340129985,
      0.3072285322668217,
      0.35452273433187853
    ],
    [
      0.32076146428788405,
      0.31727785380459106,
      0.36196068190752484
    ],
    [
      0.330839020420269,
      0.31072635056553877,
      0.35843462901419204
    ],
    [
      0.3128668224105087,
      0.3078300703883619,
      0.3793031072011293
    ],
    [
      0.3297039395170733,
      0.2942524085884316,
      0.37604365189449496
    ],
    [
      0.32610431886718644,
      0.29815455938085755,
      0.3757411217519559
    ],
    [
      0.3290346395249911,
      0.31042280730881233,
      0.36054255316619654
    ],
    [
      0.33918827929978695,
      0.30302595325554943,
      0.35778576744466356
    ],
    [
      0.32869920111021395,
      0.299500161734703,
      0.37180063715508316
    ],
    [
      0.3331662330149798,
      0.29736271482825827,
      0.3694710521567619
    ],
    [
      0.34226416583723124,
      0.30527906256293263,
      0.3524567715998361
    ],
    [
      0.3409356019432197,
      0.2901093140404897,
      0.3689550840162905
    ],
    [
      0.31475318981426587,
      0.3083520795112834,
      0.3768947306744508
    ],
    [
      0.3268587853233252,
      0.30118986243436685,
      0.371951352242308
    ],
    [
      0.3236411543666277,
      0.3159532610953546,
      0.3604055845380177
    ],
    [
      0.3359857877763348,
      0.3195544125571038,
      0.3444597996665614
    ],
    [
      0.3176080213503785,
      0.3198095735683128,
      0.3625824050813086
    ],
    [
      0.3110137332033826,
      0.30616903218076796,
      0.38281723461584943
    ],
    [
      0.32981992821652445,
      0.3020252126607164,
      0.3681548591227592
    ],
    [
      0.3284068360728719,
      0.31748118309713624,
      0.35411198082999185
    ],
    [
      0.32591990884811506,
      0.31333069943173714,
      0.3607493917201478
    ],
    [
      0.3142478121872393,
      0.3210918255219596,
      0.3646603622908012
    ],
    [
      0.3179056575781419,
      0.3076151532884409,
      0.37447918913341716
    ],
    [
      0.33479388851278513,
      0.29793630871809085,
      0.36726980276912413
    ],
    [
      0.3249370371533633,
      0.3056339685703134,
      0.36942899427632336
    ],
    [
      0.3203590789433991,
      0.31937877205941034,
      0.36026214899719045
    ],
    [
      0.31426199612013556,
      0.3110891021845291,
      0.3746489016953354
    ],
    [
      0.31591976573532454,
      0.30054028864719556,
      0.3835399456174799
    ],
    [
      0.33085746870582455,
      0.3047732645340305,
      0.364369266760145
    ],
    [
      0.3338445478193237,
      0.3107176344972143,
      0.3554378176834619
    ],
    [
      0.3204887399379784,
      0.29405643698590855,
      0.3854548230761132
    ],
    [
      0.3303730483572173,
      0.30411345359520536,
      0.36551349804757727
    ],
    [
      0.3219517341332598,
      0.30151632064461353,
      0.3765319452221266
    ],
    [
      0.31307089843616703,
      0.32760789964813386,
      0.3593212019156991
    ],
    [
      0.3335135255710225,
      0.3155163720110386,
      0.35097010241793886
    ],
    [
      0.32667944103045693,
      0.28900188392395015,
      0.384318675045593
    ],
    [
      0.3169967582886051,
      0.30558490078576017,
      0.37741834092563475
    ],
    [
      0.3342519967684316,
      0.3084166639073386,
      0.35733133932422995
    ],
    [
      0.3317659932853662,
      0.30635226350849387,
      0.3618817432061398
    ],
    [
      0.32725956550033375,
      0.30788794788791135,
      0.36485248661175496
    ],
    [
      0.3270682450025131,
      0.31154956193256306,
      0.3613821930649239
    ],
    [
      0.31700206015412197,
      0.3316821194432545,
      0.35131582040262355
    ],
    [
      0.31952068903276915,
      0.31501983483631935,
      0.3654594761309116
    ],
    [
      0.3277090057635187,
      0.30700286609501454,
      0.3652881281414667
    ],
    [
      0.3207370347274688,
      0.3046432232349536,
      0.37461974203757775
    ],
    [
      0.340670618014107,
      0.3045213913829632,
      0.35480799060292983
    ],
    [
      0.31778858170030294,
      0.3144283920028915,
      0.36778302629680554
    ],
    [
      0.3348413305963699,
      0.29999963577804867,
      0.36515903362558144
    ],
    [
      0.3516261964711581,
      0.29189327637836426,
      0.3564805271504775
    ],
    [
      0.31666199808187623,
      0.30780110785686016,
      0.3755368940612636
    ],
    [
      0.33183145632039696,
      0.2955774790623738,
      0.37259106461722924
    ],
    [
      0.32274931049737604,
      0.3128892010640421,
      0.36436148843858185
    ],
    [
      0.33037011524109244,
      0.2992306335949101,
      0.3703992511639974
    ],
    [
      0.3313039157774922,
      0.31002403540063106,
      0.35867204882187675
    ],
    [
      0.32646451018847233,
      0.2984563975879181,
      0.3750790922236095
    ],
    [
      0.3154148663199852,
      0.3060500876013412,
      0.37853504607867355
    ],
    [
      0.33832784877966915,
      0.3079828006794306,
      0.3536893505409001
    ],
    [
      0.3222294094329825,
      0.2922818456862132,
      0.38548874488080437
    ],
    [
      0.3119243786101838,
      0.30829274719453353,
      0.37978287419528267
    ],
    [
      0.332693070664045,
      0.3117179353945577,
      0.3555889939413973
    ],
    [
      0.3195940343917418,
      0.3195680928283007,
      0.36083787277995755
    ],
    [
      0.31723272544334313,
      0.31599432143278644,
      0.3667729531238704
    ],
    [
      0.32696439963613305,
      0.3073772835091042,
      0.3656583168547627
    ],
    [
      0.3220277004681214,
      0.3174820736382892,
      0.36049022589358937
    ],
    [
      0.3242311082378074,
      0.3074571114168736,
      0.36831178034531914
    ],
    [
      0.3189558412932087,
      0.3075457134039743,
      0.373498445302817
    ],
    [
      0.327039337995089,
      0.3135243528092611,
      0.3594363091956499
    ],
    [
      0.31890179322829965,
      0.30722536349162693,
      0.3738728432800734
    ],
    [
      0.32712893045048413,
      0.31138272347958124,
      0.36148834606993463
    ],
    [
      0.3350039167118794,
      0.3144321955144619,
      0.3505638877736588
    ],
    [
      0.3302083079527385,
      0.3063876658709529,
      0.3634040261763085
    ],
    [
      0.32793497436805197,
      0.3134173926022682,
      0.35864763302967984
    ],
    [
      0.32991484986290465,
      0.304691522032954,
      0.36539362810414133
    ],
    [
      0.3196946595939593,
      0.30387829435653857,
      0.3764270460495021
    ],
    [
      0.326776810535698,
      0.31574250882494437,
      0.35748068063935784
    ],
    [
      0.32079378131526487,
      0.3131716983440183,
      0.3660345203407169
    ],
    [
      0.32910888264505944,
      0.303746152214436,
      0.3671449651405045
    ],
    [
      0.32363603563632926,
      0.309763798216486,
      0.3666001661471847
    ],
    [
      0.33936488214129473,
      0.3036194522471595,
      0.3570156656115457
    ],
    [
      0.332946999679725,
      0.29837956902529966,
      0.3686734312949754
    ],
    [
      0.3189404778142837,
      0.31776106305791996,
      0.3632984591277963
    ]
  ],
  "final_free_energy": 0.333787362301321
}