{
  "num_observations": 3,
  "time_steps": 15,
  "num_actions": 3,
  "efe_history": [
    [
      -1.9371129853028326,
      -1.9371129853028326,
      -1.9371129853028326
    ],
    [
      -2.0313472348552297,
      -2.0313472348552297,
      -2.0313472348552297
    ],
    [
      -2.0897627753175994,
      -2.0897627753175994,
      -2.0897627753175994
    ],
    [
      -2.1239880144536953,
      -2.1239880144536953,
      -2.1239880144536953
    ],
    [
      -2.143382027279764,
      -2.143382027279764,
      -2.143382027279764
    ],
    [
      -2.1541643015725445,
      -2.1541643015725445,
      -2.1541643015725445
    ],
    [
      -2.106721614646837,
      -2.106721614646837,
      -2.106721614646837
    ],
    [
      -2.06888521703371,
      -2.06888521703371,
      -2.06888521703371
    ],
    [
      -2.038629962712755,
      -2.038629962712755,
      -2.038629962712755
    ],
    [
      -2.014387585168984,
      -2.014387585168984,
      -2.014387585168984
    ],
    [
      -1.8552392100612698,
      -1.8552392100612698,
      -1.8552392100612698
    ],
    [
      -1.861812914185977,
      -1.861812914185977,
      -1.861812914185977
    ],
    [
      -1.9826201766465636,
      -1.9826201766465636,
      -1.9826201766465636
    ],
    [
      -1.8280820151686596,
      -1.8280820151686596,
      -1.8280820151686596
    ],
    [
      -1.957320623087099,
      -1.957320623087099,
      -1.957320623087099
    ]
  ],
  "actions": [
    3,
    3,
    3,
    2,
    1,
    2,
    2,
    1,
    3,
    2,
    1,
    2,
    1,
    1,
    3
  ],
  "policy_history": [
    3,
    3,
    3,
    2,
    1,
    2,
    2,
    1,
    3,
    2,
    1,
    2,
    1,
    1,
    3
  ],
  "framework": "activeinference_jl",
  "num_states": 3,
  "observations": [
    1,
    1,
    1,
    1,
    1,
    1,
    2,
    2,
    2,
    2,
    3,
    2,
    1,
    3,
    1
  ],
  "validation": {
    "beliefs_in_range": true,
    "actions_in_range": true,
    "all_valid": true,
    "beliefs_sum_to_one": true
  },
  "model_name": "Multi Armed Bandit Agent",
  "beliefs": [
    [
      0.22624680632922126,
      0.38687659683538944,
      0.38687659683538944
    ],
    [
      0.15755458435478786,
      0.42122270782260607,
      0.42122270782260607
    ],
    [
      0.11645045059250243,
      0.44177477470374876,
      0.44177477470374876
    ],
    [
      0.09287041932236194,
      0.45356479033881897,
      0.45356479033881897
    ],
    [
      0.07966962858965605,
      0.460165185705172,
      0.460165185705172
    ],
    [
      0.07238029861781192,
      0.463809850691094,
      0.463809850691094
    ],
    [
      0.10675052094879443,
      0.4680226664719821,
      0.42522681257922357
    ],
    [
      0.13466848624211056,
      0.4716325815946032,
      0.3936989321632862
    ],
    [
      0.1573288763683748,
      0.4747238976416418,
      0.3679472259899834
    ],
    [
      0.1757096509401775,
      0.4773696650523025,
      0.34692068400752013
    ],
    [
      0.28921186762666823,
      0.36387260886430406,
      0.3469155235090277
    ],
    [
      0.2855061875636865,
      0.38165120179713147,
      0.3328426106391821
    ],
    [
      0.19483700951857863,
      0.4261946072600867,
      0.3789683832213347
    ],
    [
      0.3077940426122243,
      0.32387805881098314,
      0.3683278985767926
    ],
    [
      0.20932270536080047,
      0.3736399696894321,
      0.4170373249497675
    ]
  ]
}