{
  "framework": "pymdp",
  "model_name": "multi_armed_bandit",
  "script_name": "Multi Armed Bandit Agent_pymdp.py",
  "script_path": "output/11_render_output/multi_armed_bandit/pymdp/Multi Armed Bandit Agent_pymdp.py",
  "success": true,
  "return_code": 0,
  "execution_time": 1.562301,
  "timestamp": "2026-03-03T08:22:44.979657",
  "simulation_data": {
    "traces": [],
    "free_energy": [],
    "states": [],
    "observations": [
      1,
      2,
      1,
      0,
      1,
      2,
      0,
      2,
      1,
      1,
      0,
      1,
      0,
      1,
      0
    ],
    "actions": [
      0,
      0,
      0,
      0,
      0,
      0,
      0,
      0,
      0,
      0,
      0,
      0,
      0,
      0,
      0
    ],
    "policy": [],
    "raw_output": "\u26a0\ufe0f  Detected namespace conflict with script directory '/Users/4d/Documents/GitHub/generalizednotationnotation/output/11_render_output/multi_armed_bandit/pymdp', removing from sys.path\n\u2705 PyMDP (inferactively-pymdp) is available\n",
    "raw_error": "2026-03-03 08:22:46,370 - INFO - A matrix shape: (3, 3)\n2026-03-03 08:22:46,370 - INFO - B matrix shape: (3, 3, 3)\n2026-03-03 08:22:46,370 - INFO - C vector shape: (3,)\n2026-03-03 08:22:46,370 - INFO - D vector shape: (3,)\n2026-03-03 08:22:46,370 - INFO - Starting PyMDP simulation for Multi Armed Bandit Agent\n2026-03-03 08:22:46,370 - INFO - Output directory: output/pymdp_simulations/Multi Armed Bandit Agent\n2026-03-03 08:22:46,370 - INFO - State space matrices: A=True, B=True, C=True, D=True, E=False\n2026-03-03 08:22:46,370 - INFO - Executing PyMDP simulation (correlation_id: render_generated_script)\n2026-03-03 08:22:46,370 - INFO - Using PyMDP (inferactively-pymdp) API\n2026-03-03 08:22:46,370 - INFO - Starting simple PyMDP simulation\n2026-03-03 08:22:46,370 - INFO - Transposed B from (3, 3, 3) to (3, 3, 3)\n2026-03-03 08:22:46,370 - INFO - B matrix normalized (columns sum to 1.0)\n2026-03-03 08:22:46,370 - INFO - Created matrices: A=(3, 3), B=(3, 3, 3), C=(3,), D=(3,)\n2026-03-03 08:22:46,370 - INFO - Wrapped arrays in obj_array format (except E)\n2026-03-03 08:22:46,370 - INFO - Successfully created PyMDP agent\n2026-03-03 08:22:46,370 - INFO - Simulation timesteps: 15 (from GNN spec)\n2026-03-03 08:22:46,371 - INFO - Step 0: true_s=1, obs=1, belief=[0.3 0.4 0.3], action=0.0\n2026-03-03 08:22:46,371 - INFO - Step 1: true_s=1, obs=2, belief=[0.65 0.14 0.22], action=0.0\n2026-03-03 08:22:46,371 - INFO - Step 2: true_s=1, obs=1, belief=[0.57 0.21 0.22], action=0.0\n2026-03-03 08:22:46,372 - INFO - Step 3: true_s=1, obs=0, belief=[0.19 0.4  0.41], action=0.0\n2026-03-03 08:22:46,372 - INFO - Step 4: true_s=2, obs=1, belief=[0.18 0.46 0.36], action=0.0\n2026-03-03 08:22:46,372 - INFO - Step 5: true_s=2, obs=2, belief=[0.52 0.18 0.3 ], action=0.0\n2026-03-03 08:22:46,373 - INFO - Step 6: true_s=2, obs=0, belief=[0.16 0.34 0.5 ], action=0.0\n2026-03-03 08:22:46,373 - INFO - Step 7: true_s=2, obs=2, belief=[0.47 0.14 0.39], action=0.0\n2026-03-03 08:22:46,373 - INFO - Step 8: true_s=2, obs=1, belief=[0.42 0.21 0.36], action=0.0\n2026-03-03 08:22:46,373 - INFO - Step 9: true_s=2, obs=1, belief=[0.38 0.29 0.33], action=0.0\n2026-03-03 08:22:46,374 - INFO - Step 10: true_s=2, obs=0, belief=[0.11 0.42 0.47], action=0.0\n2026-03-03 08:22:46,374 - INFO - Step 11: true_s=2, obs=1, belief=[0.12 0.48 0.4 ], action=0.0\n2026-03-03 08:22:46,374 - INFO - Step 12: true_s=2, obs=0, belief=[0.04 0.52 0.44], action=0.0\n2026-03-03 08:22:46,374 - INFO - Step 13: true_s=2, obs=1, belief=[0.07 0.56 0.37], action=0.0\n2026-03-03 08:22:46,375 - INFO - Step 14: true_s=2, obs=0, belief=[0.02 0.58 0.4 ], action=0.0\n2026-03-03 08:22:46,375 - INFO - Saving raw simulation data for analysis step...\n2026-03-03 08:22:46,375 - INFO - \ud83d\udcbe Saved raw simulation data to output/pymdp_simulations/Multi Armed Bandit Agent/simulation_results.json\n2026-03-03 08:22:46,375 - INFO - \ud83d\udcca Validation: beliefs_valid=True, sum_to_one=True\n2026-03-03 08:22:46,375 - INFO - \ud83d\udcc8 Trace data saved: 15 timesteps, ready for analysis step visualization\n2026-03-03 08:22:46,375 - INFO - PyMDP simulation completed successfully\n2026-03-03 08:22:46,375 - INFO - \u2713 Simulation completed successfully!\n2026-03-03 08:22:46,375 - INFO - Results summary:\n2026-03-03 08:22:46,375 - INFO -   Correlation ID: render_generated_script\n2026-03-03 08:22:46,375 - INFO -   Success: True\n2026-03-03 08:22:46,375 - INFO -   Output: output/pymdp_simulations/Multi Armed Bandit Agent\n",
    "beliefs": [
      [
        0.30000000000000004,
        0.4,
        0.30000000000000004
      ],
      [
        0.646643109540636,
        0.137809187279152,
        0.21554770318021205
      ],
      [
        0.5680017851165903,
        0.21109003681802982,
        0.22090817806537993
      ],
      [
        0.1857231750476413,
        0.39986582662466463,
        0.41441099832769407
      ],
      [
        0.18395724962000579,
        0.46005789938551284,
        0.35598485099448135
      ],
      [
        0.5192833212367275,
        0.18497240785732946,
        0.29574427090594296
      ],
      [
        0.16193806968815364,
        0.34145801450791236,
        0.4966039158039339
      ],
      [
        0.467103987887523,
        0.1411576305276645,
        0.3917383815848124
      ],
      [
        0.4230668593462621,
        0.2144919175642494,
        0.36244122308948856
      ],
      [
        0.38016693961981013,
        0.287494139612639,
        0.332338920767551
      ],
      [
        0.10638605554130569,
        0.4196374792947465,
        0.47397646516394787
      ],
      [
        0.1236637944565346,
        0.47752115474378054,
        0.3988150507996849
      ],
      [
        0.03541790131688935,
        0.520480072056095,
        0.44410202662701564
      ],
      [
        0.0688108732265994,
        0.5639754033459256,
        0.36721372342747494
      ],
      [
        0.023760013102230283,
        0.5796913095721211,
        0.3965486773256487
      ]
    ],
    "num_timesteps": 15
  },
  "execution_metadata": {
    "executor": "/Users/4d/Documents/GitHub/generalizednotationnotation/.venv/bin/python",
    "stdout_length": 227,
    "stderr_length": 3431,
    "output_directory": "output/12_execute_output/multi_armed_bandit/pymdp"
  },
  "collected_outputs": {
    "visualizations": [],
    "simulation_data": [
      "output/12_execute_output/multi_armed_bandit/pymdp/simulation_data/Multi Armed Bandit Agent_simulation_results.json"
    ],
    "traces": [],
    "other": []
  }
}