{
  "framework": "pymdp",
  "model_name": "multi_armed_bandit",
  "script_name": "Multi Armed Bandit Agent_pymdp.py",
  "script_path": "output/11_render_output/multi_armed_bandit/pymdp/Multi Armed Bandit Agent_pymdp.py",
  "success": true,
  "return_code": 0,
  "execution_time": 1.73207,
  "timestamp": "2026-03-24T13:59:07.200191",
  "simulation_data": {
    "traces": [],
    "free_energy": [],
    "states": [],
    "observations": [
      2,
      0,
      2,
      0,
      0,
      1,
      1,
      1,
      2,
      2,
      0,
      2,
      2,
      2,
      1
    ],
    "actions": [
      0,
      0,
      0,
      0,
      0,
      0,
      0,
      0,
      0,
      0,
      0,
      0,
      0,
      0,
      0
    ],
    "policy": [],
    "raw_output": "\u26a0\ufe0f  Detected namespace conflict with script directory '/Users/4d/Documents/GitHub/generalizednotationnotation/output/11_render_output/multi_armed_bandit/pymdp', removing from sys.path\n\u2705 PyMDP (inferactively-pymdp) is available\n",
    "raw_error": "2026-03-24 13:59:08,710 - __main__ - INFO - A matrix shape: (3, 3)\n2026-03-24 13:59:08,710 - __main__ - INFO - B matrix shape: (3, 3, 3)\n2026-03-24 13:59:08,710 - __main__ - INFO - C vector shape: (3,)\n2026-03-24 13:59:08,710 - __main__ - INFO - D vector shape: (3,)\n2026-03-24 13:59:08,710 - __main__ - INFO - Starting PyMDP simulation for Multi Armed Bandit Agent\n2026-03-24 13:59:08,710 - __main__ - INFO - Output directory: output/pymdp_simulations/Multi Armed Bandit Agent\n2026-03-24 13:59:08,710 - __main__ - INFO - State space matrices: A=True, B=True, C=True, D=True, E=False\n2026-03-24 13:59:08,710 - src.execute.pymdp.executor - INFO - Executing PyMDP simulation (correlation_id: render_generated_script)\n2026-03-24 13:59:08,710 - src.execute.pymdp.simple_simulation - INFO - Using PyMDP (inferactively-pymdp) API\n2026-03-24 13:59:08,710 - src.execute.pymdp.simple_simulation - INFO - Starting simple PyMDP simulation\n2026-03-24 13:59:08,710 - src.execute.pymdp.simple_simulation - INFO - Transposed B from (3, 3, 3) to (3, 3, 3)\n2026-03-24 13:59:08,710 - src.execute.pymdp.simple_simulation - INFO - B matrix normalized (columns sum to 1.0)\n2026-03-24 13:59:08,710 - src.execute.pymdp.simple_simulation - INFO - Created matrices: A=(3, 3), B=(3, 3, 3), C=(3,), D=(3,)\n2026-03-24 13:59:08,710 - src.execute.pymdp.simple_simulation - INFO - Wrapped arrays in obj_array format (except E)\n2026-03-24 13:59:08,711 - src.execute.pymdp.simple_simulation - INFO - Successfully created PyMDP agent\n2026-03-24 13:59:08,711 - src.execute.pymdp.simple_simulation - INFO - Simulation timesteps: 15 (from GNN spec)\n2026-03-24 13:59:08,711 - src.execute.pymdp.simple_simulation - INFO - Step 0: true_s=2, obs=2, belief=[0.67 0.11 0.22], action=0.0\n2026-03-24 13:59:08,712 - src.execute.pymdp.simple_simulation - INFO - Step 1: true_s=2, obs=0, belief=[0.24 0.29 0.47], action=0.0\n2026-03-24 13:59:08,712 - src.execute.pymdp.simple_simulation - INFO - Step 2: true_s=2, obs=2, belief=[0.56 0.11 0.33], action=0.0\n2026-03-24 13:59:08,712 - src.execute.pymdp.simple_simulation - INFO - Step 3: true_s=2, obs=0, belief=[0.18 0.24 0.57], action=0.0\n2026-03-24 13:59:08,713 - src.execute.pymdp.simple_simulation - INFO - Step 4: true_s=2, obs=0, belief=[0.05 0.31 0.64], action=0.0\n2026-03-24 13:59:08,713 - src.execute.pymdp.simple_simulation - INFO - Step 5: true_s=0, obs=1, belief=[0.08 0.38 0.54], action=0.0\n2026-03-24 13:59:08,713 - src.execute.pymdp.simple_simulation - INFO - Step 6: true_s=0, obs=1, belief=[0.11 0.44 0.45], action=0.0\n2026-03-24 13:59:08,713 - src.execute.pymdp.simple_simulation - INFO - Step 7: true_s=0, obs=1, belief=[0.12 0.49 0.38], action=0.0\n2026-03-24 13:59:08,714 - src.execute.pymdp.simple_simulation - INFO - Step 8: true_s=0, obs=2, belief=[0.43 0.22 0.35], action=0.0\n2026-03-24 13:59:08,714 - src.execute.pymdp.simple_simulation - INFO - Step 9: true_s=0, obs=2, belief=[0.73 0.07 0.2 ], action=0.0\n2026-03-24 13:59:08,714 - src.execute.pymdp.simple_simulation - INFO - Step 10: true_s=0, obs=0, belief=[0.29 0.23 0.48], action=0.0\n2026-03-24 13:59:08,714 - src.execute.pymdp.simple_simulation - INFO - Step 11: true_s=0, obs=2, belief=[0.61 0.08 0.31], action=0.0\n2026-03-24 13:59:08,715 - src.execute.pymdp.simple_simulation - INFO - Step 12: true_s=0, obs=2, belief=[0.82 0.03 0.15], action=0.0\n2026-03-24 13:59:08,715 - src.execute.pymdp.simple_simulation - INFO - Step 13: true_s=0, obs=2, belief=[0.91 0.02 0.07], action=0.0\n2026-03-24 13:59:08,715 - src.execute.pymdp.simple_simulation - INFO - Step 14: true_s=0, obs=1, belief=[0.81 0.08 0.11], action=0.0\n2026-03-24 13:59:08,715 - src.execute.pymdp.simple_simulation - INFO - Saving raw simulation data for analysis step...\n2026-03-24 13:59:08,716 - src.execute.pymdp.simple_simulation - INFO - \ud83d\udcbe Saved raw simulation data to output/pymdp_simulations/Multi Armed Bandit Agent/simulation_results.json\n2026-03-24 13:59:08,716 - src.execute.pymdp.simple_simulation - INFO - \ud83d\udcca Validation: beliefs_valid=True, sum_to_one=True\n2026-03-24 13:59:08,716 - src.execute.pymdp.simple_simulation - INFO - \ud83d\udcc8 Trace data saved: 15 timesteps, ready for analysis step visualization\n2026-03-24 13:59:08,716 - src.execute.pymdp.executor - INFO - PyMDP simulation completed successfully\n2026-03-24 13:59:08,716 - __main__ - INFO - \u2713 Simulation completed successfully!\n2026-03-24 13:59:08,716 - __main__ - INFO - Results summary:\n2026-03-24 13:59:08,716 - __main__ - INFO -   Correlation ID: render_generated_script\n2026-03-24 13:59:08,716 - __main__ - INFO -   Success: True\n2026-03-24 13:59:08,716 - __main__ - INFO -   Output: output/pymdp_simulations/Multi Armed Bandit Agent\n",
    "beliefs": [
      [
        0.6666666666666665,
        0.11111111111111117,
        0.22222222222222224
      ],
      [
        0.24342105263157895,
        0.2850877192982457,
        0.47149122807017535
      ],
      [
        0.5635372404393488,
        0.106870841016596,
        0.3295919185440551
      ],
      [
        0.18342979778604346,
        0.24417738339477058,
        0.572392818819186
      ],
      [
        0.04930522726355957,
        0.30834517403332845,
        0.642349598703112
      ],
      [
        0.083248959614044,
        0.3769137647187601,
        0.539837275667196
      ],
      [
        0.10749090658460694,
        0.43956712614319127,
        0.4529419672722018
      ],
      [
        0.12387482203181252,
        0.49495045044705094,
        0.38117472752113657
      ],
      [
        0.43328346995902367,
        0.21888640452998961,
        0.3478301255109867
      ],
      [
        0.7301906073114055,
        0.068677877501105,
        0.20113151518748945
      ],
      [
        0.28940878855926744,
        0.23383629010440907,
        0.47675492133632347
      ],
      [
        0.6050583449434539,
        0.08475006333876818,
        0.31019159171777794
      ],
      [
        0.8187825594785773,
        0.029512166317235713,
        0.151705274204187
      ],
      [
        0.9117938231662874,
        0.015296145341744434,
        0.07291003149196809
      ],
      [
        0.8080551277696075,
        0.08227448656824128,
        0.10967038566215126
      ]
    ],
    "num_timesteps": 15
  },
  "execution_metadata": {
    "executor": "/Users/4d/Documents/GitHub/generalizednotationnotation/.venv/bin/python",
    "stdout_length": 227,
    "stderr_length": 4650,
    "output_directory": "output/12_execute_output/multi_armed_bandit/pymdp"
  },
  "collected_outputs": {
    "visualizations": [],
    "simulation_data": [
      "output/12_execute_output/multi_armed_bandit/pymdp/simulation_data/simulation_results.json"
    ],
    "traces": [],
    "other": []
  }
}