{
  "framework": "pymdp",
  "model_name": "multi_armed_bandit",
  "script_name": "Multi Armed Bandit Agent_pymdp.py",
  "script_path": "output/11_render_output/multi_armed_bandit/pymdp/Multi Armed Bandit Agent_pymdp.py",
  "success": true,
  "return_code": 0,
  "execution_time": 2.189724,
  "timestamp": "2026-03-06T15:01:21.810825",
  "simulation_data": {
    "traces": [],
    "free_energy": [],
    "states": [],
    "observations": [
      0,
      0,
      1,
      0,
      0,
      0,
      1,
      2,
      1,
      0,
      2,
      0,
      0,
      1,
      1
    ],
    "actions": [
      0,
      0,
      0,
      0,
      0,
      0,
      0,
      0,
      0,
      0,
      0,
      0,
      0,
      0,
      0
    ],
    "policy": [],
    "raw_output": "\u26a0\ufe0f  Detected namespace conflict with script directory '/Users/4d/Documents/GitHub/generalizednotationnotation/output/11_render_output/multi_armed_bandit/pymdp', removing from sys.path\n\u2705 PyMDP (inferactively-pymdp) is available\n",
    "raw_error": "2026-03-06 15:01:23,703 - INFO - A matrix shape: (3, 3)\n2026-03-06 15:01:23,703 - INFO - B matrix shape: (3, 3, 3)\n2026-03-06 15:01:23,703 - INFO - C vector shape: (3,)\n2026-03-06 15:01:23,703 - INFO - D vector shape: (3,)\n2026-03-06 15:01:23,703 - INFO - Starting PyMDP simulation for Multi Armed Bandit Agent\n2026-03-06 15:01:23,703 - INFO - Output directory: output/pymdp_simulations/Multi Armed Bandit Agent\n2026-03-06 15:01:23,703 - INFO - State space matrices: A=True, B=True, C=True, D=True, E=False\n2026-03-06 15:01:23,703 - INFO - Executing PyMDP simulation (correlation_id: render_generated_script)\n2026-03-06 15:01:23,703 - INFO - Using PyMDP (inferactively-pymdp) API\n2026-03-06 15:01:23,703 - INFO - Starting simple PyMDP simulation\n2026-03-06 15:01:23,703 - INFO - Transposed B from (3, 3, 3) to (3, 3, 3)\n2026-03-06 15:01:23,703 - INFO - B matrix normalized (columns sum to 1.0)\n2026-03-06 15:01:23,703 - INFO - Created matrices: A=(3, 3), B=(3, 3, 3), C=(3,), D=(3,)\n2026-03-06 15:01:23,703 - INFO - Wrapped arrays in obj_array format (except E)\n2026-03-06 15:01:23,704 - INFO - Successfully created PyMDP agent\n2026-03-06 15:01:23,704 - INFO - Simulation timesteps: 15 (from GNN spec)\n2026-03-06 15:01:23,704 - INFO - Step 0: true_s=2, obs=0, belief=[0.09 0.45 0.45], action=0.0\n2026-03-06 15:01:23,705 - INFO - Step 1: true_s=2, obs=0, belief=[0.03 0.49 0.49], action=0.0\n2026-03-06 15:01:23,705 - INFO - Step 2: true_s=2, obs=1, belief=[0.06 0.53 0.4 ], action=0.0\n2026-03-06 15:01:23,705 - INFO - Step 3: true_s=2, obs=0, belief=[0.02 0.55 0.43], action=0.0\n2026-03-06 15:01:23,705 - INFO - Step 4: true_s=2, obs=0, belief=[0.01 0.55 0.44], action=0.0\n2026-03-06 15:01:23,706 - INFO - Step 5: true_s=2, obs=0, belief=[0.01 0.54 0.44], action=0.0\n2026-03-06 15:01:23,706 - INFO - Step 6: true_s=2, obs=1, belief=[0.05 0.58 0.36], action=0.0\n2026-03-06 15:01:23,706 - INFO - Step 7: true_s=2, obs=2, belief=[0.31 0.3  0.39], action=0.0\n2026-03-06 15:01:23,706 - INFO - Step 8: true_s=2, obs=1, belief=[0.28 0.37 0.35], action=0.0\n2026-03-06 15:01:23,707 - INFO - Step 9: true_s=2, obs=0, belief=[0.08 0.47 0.45], action=0.0\n2026-03-06 15:01:23,707 - INFO - Step 10: true_s=2, obs=2, belief=[0.34 0.22 0.43], action=0.0\n2026-03-06 15:01:23,707 - INFO - Step 11: true_s=2, obs=0, belief=[0.09 0.33 0.57], action=0.0\n2026-03-06 15:01:23,707 - INFO - Step 12: true_s=2, obs=0, belief=[0.03 0.37 0.6 ], action=0.0\n2026-03-06 15:01:23,708 - INFO - Step 13: true_s=2, obs=1, belief=[0.07 0.43 0.5 ], action=0.0\n2026-03-06 15:01:23,708 - INFO - Step 14: true_s=2, obs=1, belief=[0.09 0.49 0.42], action=0.0\n2026-03-06 15:01:23,708 - INFO - Saving raw simulation data for analysis step...\n2026-03-06 15:01:23,709 - INFO - \ud83d\udcbe Saved raw simulation data to output/pymdp_simulations/Multi Armed Bandit Agent/simulation_results.json\n2026-03-06 15:01:23,709 - INFO - \ud83d\udcca Validation: beliefs_valid=True, sum_to_one=True\n2026-03-06 15:01:23,709 - INFO - \ud83d\udcc8 Trace data saved: 15 timesteps, ready for analysis step visualization\n2026-03-06 15:01:23,709 - INFO - PyMDP simulation completed successfully\n2026-03-06 15:01:23,709 - INFO - \u2713 Simulation completed successfully!\n2026-03-06 15:01:23,709 - INFO - Results summary:\n2026-03-06 15:01:23,709 - INFO -   Correlation ID: render_generated_script\n2026-03-06 15:01:23,709 - INFO -   Success: True\n2026-03-06 15:01:23,709 - INFO -   Output: output/pymdp_simulations/Multi Armed Bandit Agent\n",
    "beliefs": [
      [
        0.09090909090909097,
        0.45454545454545453,
        0.45454545454545453
      ],
      [
        0.02834008097165998,
        0.48582995951416996,
        0.48582995951416996
      ],
      [
        0.06418425206056015,
        0.5347518559653942,
        0.40106389197404574
      ],
      [
        0.022820118294879895,
        0.5505936433087864,
        0.42658623839633375
      ],
      [
        0.01469526726196753,
        0.5484534607848162,
        0.4368512719532163
      ],
      [
        0.013155895233513341,
        0.543348968033642,
        0.44349513673284463
      ],
      [
        0.05226524747758544,
        0.5829942794213854,
        0.36474047310102925
      ],
      [
        0.3092272407293938,
        0.29776117749222003,
        0.3930115817783863
      ],
      [
        0.2841362102333701,
        0.36704583702955446,
        0.3488179527370755
      ],
      [
        0.07603562276238679,
        0.4720851859506032,
        0.45187919128701015
      ],
      [
        0.34264895669871503,
        0.22482137164144494,
        0.4325296716598401
      ],
      [
        0.09387956505575724,
        0.33163492969516745,
        0.5744855052490753
      ],
      [
        0.02896745128557725,
        0.37034568397784584,
        0.600686864736577
      ],
      [
        0.06653215976871012,
        0.4336596530568765,
        0.4998081871744134
      ],
      [
        0.09350494542519583,
        0.4898021345034109,
        0.41669292007139325
      ]
    ],
    "num_timesteps": 15
  },
  "execution_metadata": {
    "executor": "/Users/4d/Documents/GitHub/generalizednotationnotation/.venv/bin/python",
    "stdout_length": 227,
    "stderr_length": 3434,
    "output_directory": "output/12_execute_output/multi_armed_bandit/pymdp"
  },
  "collected_outputs": {
    "visualizations": [],
    "simulation_data": [
      "output/12_execute_output/multi_armed_bandit/pymdp/simulation_data/Multi Armed Bandit Agent_simulation_results.json"
    ],
    "traces": [],
    "other": []
  }
}