{
  "framework": "pymdp",
  "model_name": "multi_armed_bandit",
  "script_name": "Multi Armed Bandit Agent_pymdp.py",
  "script_path": "output/11_render_output/multi_armed_bandit/pymdp/Multi Armed Bandit Agent_pymdp.py",
  "success": true,
  "return_code": 0,
  "execution_time": 1.819955,
  "timestamp": "2026-03-18T09:21:50.152490",
  "simulation_data": {
    "traces": [],
    "free_energy": [],
    "states": [],
    "observations": [
      1,
      0,
      0,
      0,
      1,
      1,
      1,
      0,
      1,
      1,
      2,
      1,
      0,
      0,
      0
    ],
    "actions": [
      0,
      0,
      0,
      0,
      0,
      0,
      0,
      0,
      0,
      0,
      0,
      0,
      0,
      0,
      0
    ],
    "policy": [],
    "raw_output": "\u26a0\ufe0f  Detected namespace conflict with script directory '/Users/4d/Documents/GitHub/generalizednotationnotation/output/11_render_output/multi_armed_bandit/pymdp', removing from sys.path\n\u2705 PyMDP (inferactively-pymdp) is available\n",
    "raw_error": "2026-03-18 09:21:51,734 - __main__ - INFO - A matrix shape: (3, 3)\n2026-03-18 09:21:51,734 - __main__ - INFO - B matrix shape: (3, 3, 3)\n2026-03-18 09:21:51,734 - __main__ - INFO - C vector shape: (3,)\n2026-03-18 09:21:51,734 - __main__ - INFO - D vector shape: (3,)\n2026-03-18 09:21:51,735 - __main__ - INFO - Starting PyMDP simulation for Multi Armed Bandit Agent\n2026-03-18 09:21:51,735 - __main__ - INFO - Output directory: output/pymdp_simulations/Multi Armed Bandit Agent\n2026-03-18 09:21:51,735 - __main__ - INFO - State space matrices: A=True, B=True, C=True, D=True, E=False\n2026-03-18 09:21:51,735 - src.execute.pymdp.executor - INFO - Executing PyMDP simulation (correlation_id: render_generated_script)\n2026-03-18 09:21:51,735 - src.execute.pymdp.simple_simulation - INFO - Using PyMDP (inferactively-pymdp) API\n2026-03-18 09:21:51,735 - src.execute.pymdp.simple_simulation - INFO - Starting simple PyMDP simulation\n2026-03-18 09:21:51,735 - src.execute.pymdp.simple_simulation - INFO - Transposed B from (3, 3, 3) to (3, 3, 3)\n2026-03-18 09:21:51,735 - src.execute.pymdp.simple_simulation - INFO - B matrix normalized (columns sum to 1.0)\n2026-03-18 09:21:51,735 - src.execute.pymdp.simple_simulation - INFO - Created matrices: A=(3, 3), B=(3, 3, 3), C=(3,), D=(3,)\n2026-03-18 09:21:51,735 - src.execute.pymdp.simple_simulation - INFO - Wrapped arrays in obj_array format (except E)\n2026-03-18 09:21:51,735 - src.execute.pymdp.simple_simulation - INFO - Successfully created PyMDP agent\n2026-03-18 09:21:51,735 - src.execute.pymdp.simple_simulation - INFO - Simulation timesteps: 15 (from GNN spec)\n2026-03-18 09:21:51,736 - src.execute.pymdp.simple_simulation - INFO - Step 0: true_s=2, obs=1, belief=[0.3 0.4 0.3], action=0.0\n2026-03-18 09:21:51,736 - src.execute.pymdp.simple_simulation - INFO - Step 1: true_s=2, obs=0, belief=[0.08 0.52 0.4 ], action=0.0\n2026-03-18 09:21:51,736 - src.execute.pymdp.simple_simulation - INFO - Step 2: true_s=2, obs=0, belief=[0.03 0.54 0.43], action=0.0\n2026-03-18 09:21:51,737 - src.execute.pymdp.simple_simulation - INFO - Step 3: true_s=2, obs=0, belief=[0.02 0.54 0.44], action=0.0\n2026-03-18 09:21:51,737 - src.execute.pymdp.simple_simulation - INFO - Step 4: true_s=2, obs=1, belief=[0.05 0.58 0.37], action=0.0\n2026-03-18 09:21:51,737 - src.execute.pymdp.simple_simulation - INFO - Step 5: true_s=2, obs=1, belief=[0.08 0.61 0.31], action=0.0\n2026-03-18 09:21:51,737 - src.execute.pymdp.simple_simulation - INFO - Step 6: true_s=2, obs=1, belief=[0.1  0.64 0.26], action=0.0\n2026-03-18 09:21:51,738 - src.execute.pymdp.simple_simulation - INFO - Step 7: true_s=2, obs=0, belief=[0.03 0.67 0.3 ], action=0.0\n2026-03-18 09:21:51,738 - src.execute.pymdp.simple_simulation - INFO - Step 8: true_s=2, obs=1, belief=[0.06 0.68 0.26], action=0.0\n2026-03-18 09:21:51,738 - src.execute.pymdp.simple_simulation - INFO - Step 9: true_s=2, obs=1, belief=[0.09 0.69 0.22], action=0.0\n2026-03-18 09:21:51,738 - src.execute.pymdp.simple_simulation - INFO - Step 10: true_s=2, obs=2, belief=[0.4  0.35 0.26], action=0.0\n2026-03-18 09:21:51,739 - src.execute.pymdp.simple_simulation - INFO - Step 11: true_s=2, obs=1, belief=[0.35 0.41 0.24], action=0.0\n2026-03-18 09:21:51,739 - src.execute.pymdp.simple_simulation - INFO - Step 12: true_s=2, obs=0, belief=[0.1  0.55 0.35], action=0.0\n2026-03-18 09:21:51,739 - src.execute.pymdp.simple_simulation - INFO - Step 13: true_s=2, obs=0, belief=[0.03 0.58 0.39], action=0.0\n2026-03-18 09:21:51,740 - src.execute.pymdp.simple_simulation - INFO - Step 14: true_s=2, obs=0, belief=[0.02 0.58 0.41], action=0.0\n2026-03-18 09:21:51,740 - src.execute.pymdp.simple_simulation - INFO - Saving raw simulation data for analysis step...\n2026-03-18 09:21:51,740 - src.execute.pymdp.simple_simulation - INFO - \ud83d\udcbe Saved raw simulation data to output/pymdp_simulations/Multi Armed Bandit Agent/simulation_results.json\n2026-03-18 09:21:51,740 - src.execute.pymdp.simple_simulation - INFO - \ud83d\udcca Validation: beliefs_valid=True, sum_to_one=True\n2026-03-18 09:21:51,740 - src.execute.pymdp.simple_simulation - INFO - \ud83d\udcc8 Trace data saved: 15 timesteps, ready for analysis step visualization\n2026-03-18 09:21:51,740 - src.execute.pymdp.executor - INFO - PyMDP simulation completed successfully\n2026-03-18 09:21:51,740 - __main__ - INFO - \u2713 Simulation completed successfully!\n2026-03-18 09:21:51,740 - __main__ - INFO - Results summary:\n2026-03-18 09:21:51,740 - __main__ - INFO -   Correlation ID: render_generated_script\n2026-03-18 09:21:51,740 - __main__ - INFO -   Success: True\n2026-03-18 09:21:51,740 - __main__ - INFO -   Output: output/pymdp_simulations/Multi Armed Bandit Agent\n",
    "beliefs": [
      [
        0.30000000000000004,
        0.4,
        0.30000000000000004
      ],
      [
        0.08068783068783078,
        0.5158730158730157,
        0.40343915343915343
      ],
      [
        0.02620272403109845,
        0.5396913544163207,
        0.4341059215525809
      ],
      [
        0.015341474173760793,
        0.5399567934055964,
        0.44470173242064265
      ],
      [
        0.053896477208274764,
        0.5801864933824883,
        0.365917029409237
      ],
      [
        0.08112423288693107,
        0.6131913279125976,
        0.3056844392004713
      ],
      [
        0.09992874436855159,
        0.6397968288206126,
        0.26027442681083585
      ],
      [
        0.030253834785319362,
        0.6656895171426386,
        0.304056648072042
      ],
      [
        0.06282012598903487,
        0.6812654935852108,
        0.25591438042575443
      ],
      [
        0.08547391939907449,
        0.6933728881171323,
        0.22115319248379328
      ],
      [
        0.39752557816825645,
        0.345371451168494,
        0.25710297066324966
      ],
      [
        0.3480386859669357,
        0.4110171725372678,
        0.24094414149579646
      ],
      [
        0.09562194770112248,
        0.5521166789574163,
        0.35226137334146124
      ],
      [
        0.029336763841316622,
        0.5802374064017146,
        0.3904258297569687
      ],
      [
        0.015943017818874586,
        0.5778428990573287,
        0.4062140831237967
      ]
    ],
    "num_timesteps": 15
  },
  "execution_metadata": {
    "executor": "/Users/4d/Documents/GitHub/generalizednotationnotation/.venv/bin/python",
    "stdout_length": 227,
    "stderr_length": 4647,
    "output_directory": "output/12_execute_output/multi_armed_bandit/pymdp"
  },
  "collected_outputs": {
    "visualizations": [],
    "simulation_data": [
      "output/12_execute_output/multi_armed_bandit/pymdp/simulation_data/simulation_results.json"
    ],
    "traces": [],
    "other": []
  }
}