{
  "success": true,
  "framework": "PyMDP",
  "model_name": "Hidden Markov Model Baseline",
  "num_timesteps": 15,
  "simulation_trace": {
    "observations": [
      0,
      4,
      2,
      0,
      2,
      0,
      2,
      1,
      4,
      4,
      2,
      4,
      0,
      0,
      0
    ],
    "true_states": [
      0,
      3,
      1,
      2,
      1,
      2,
      2,
      2,
      3,
      3,
      2,
      1,
      1,
      0,
      0
    ],
    "beliefs": [
      [
        0.6999999999999997,
        0.10000000000000013,
        0.10000000000000013,
        0.10000000000000013
      ],
      [
        0.2694300518134714,
        0.08808290155440425,
        0.3316062176165803,
        0.3108808290155441
      ],
      [
        0.09407600596125192,
        0.06687779433681083,
        0.7472056631892696,
        0.09184053651266774
      ],
      [
        0.5648806549563746,
        0.1108217703809049,
        0.24902948072414186,
        0.07526809393857871
      ],
      [
        0.18347936949653082,
        0.08000671603002303,
        0.6789805934046331,
        0.05753332106881289
      ],
      [
        0.650562536071395,
        0.09550967992767251,
        0.1969646365282757,
        0.05696314747265687
      ],
      [
        0.2203693031696766,
        0.07954901579494486,
        0.6423390167996162,
        0.057742664235762235
      ],
      [
        0.10222010736209183,
        0.6531192567068647,
        0.1879336026505799,
        0.0567270332804634
      ],
      [
        0.08131619323436515,
        0.25739041397841245,
        0.4024971625136494,
        0.25879623027357296
      ],
      [
        0.055735274463444485,
        0.11038593322977173,
        0.4901570013827861,
        0.3437217909239977
      ],
      [
        0.040724203795325965,
        0.06569017369470789,
        0.8106178326417921,
        0.08296778986817407
      ],
      [
        0.04196399446339393,
        0.07435274996238153,
        0.692828522497903,
        0.19085473307632145
      ],
      [
        0.5004075145809487,
        0.12215071687688901,
        0.2658372500929681,
        0.11160451844919414
      ],
      [
        0.8236774068376943,
        0.05876116159615069,
        0.07175700164804688,
        0.04580442991810828
      ],
      [
        0.9111123019607688,
        0.031199332080152107,
        0.03076705384638599,
        0.02692131211269329
      ]
    ],
    "actions": [
      0,
      0,
      0,
      0,
      0,
      0,
      0,
      0,
      0,
      0,
      0,
      0,
      0,
      0,
      0
    ],
    "efe_history": [
      [
        -1.4809641799679718
      ],
      [
        -1.434108594762395
      ],
      [
        -1.467322659080972
      ],
      [
        -1.457962333283196
      ],
      [
        -1.4567856330810949
      ],
      [
        -1.472260235361707
      ],
      [
        -1.4530069365228984
      ],
      [
        -1.4780636545874954
      ],
      [
        -1.4402458017406556
      ],
      [
        -1.4511790815686323
      ],
      [
        -1.479149984585265
      ],
      [
        -1.4662493563962207
      ],
      [
        -1.448314422186577
      ],
      [
        -1.5106351910234466
      ],
      [
        -1.535211428224979
      ]
    ],
    "belief_confidence": [
      0.6999999999999997,
      0.3316062176165803,
      0.7472056631892696,
      0.5648806549563746,
      0.6789805934046331,
      0.650562536071395,
      0.6423390167996162,
      0.6531192567068647,
      0.4024971625136494,
      0.4901570013827861,
      0.8106178326417921,
      0.692828522497903,
      0.5004075145809487,
      0.8236774068376943,
      0.9111123019607688
    ]
  },
  "observations": [
    0,
    4,
    2,
    0,
    2,
    0,
    2,
    1,
    4,
    4,
    2,
    4,
    0,
    0,
    0
  ],
  "true_states": [
    0,
    3,
    1,
    2,
    1,
    2,
    2,
    2,
    3,
    3,
    2,
    1,
    1,
    0,
    0
  ],
  "beliefs": [
    [
      0.6999999999999997,
      0.10000000000000013,
      0.10000000000000013,
      0.10000000000000013
    ],
    [
      0.2694300518134714,
      0.08808290155440425,
      0.3316062176165803,
      0.3108808290155441
    ],
    [
      0.09407600596125192,
      0.06687779433681083,
      0.7472056631892696,
      0.09184053651266774
    ],
    [
      0.5648806549563746,
      0.1108217703809049,
      0.24902948072414186,
      0.07526809393857871
    ],
    [
      0.18347936949653082,
      0.08000671603002303,
      0.6789805934046331,
      0.05753332106881289
    ],
    [
      0.650562536071395,
      0.09550967992767251,
      0.1969646365282757,
      0.05696314747265687
    ],
    [
      0.2203693031696766,
      0.07954901579494486,
      0.6423390167996162,
      0.057742664235762235
    ],
    [
      0.10222010736209183,
      0.6531192567068647,
      0.1879336026505799,
      0.0567270332804634
    ],
    [
      0.08131619323436515,
      0.25739041397841245,
      0.4024971625136494,
      0.25879623027357296
    ],
    [
      0.055735274463444485,
      0.11038593322977173,
      0.4901570013827861,
      0.3437217909239977
    ],
    [
      0.040724203795325965,
      0.06569017369470789,
      0.8106178326417921,
      0.08296778986817407
    ],
    [
      0.04196399446339393,
      0.07435274996238153,
      0.692828522497903,
      0.19085473307632145
    ],
    [
      0.5004075145809487,
      0.12215071687688901,
      0.2658372500929681,
      0.11160451844919414
    ],
    [
      0.8236774068376943,
      0.05876116159615069,
      0.07175700164804688,
      0.04580442991810828
    ],
    [
      0.9111123019607688,
      0.031199332080152107,
      0.03076705384638599,
      0.02692131211269329
    ]
  ],
  "actions": [
    0,
    0,
    0,
    0,
    0,
    0,
    0,
    0,
    0,
    0,
    0,
    0,
    0,
    0,
    0
  ],
  "model_parameters": {
    "A_shape": [
      6,
      4
    ],
    "B_shape": [
      4,
      4,
      1
    ],
    "C_shape": [
      6
    ],
    "D_shape": [
      4
    ],
    "num_states": 4,
    "num_observations": 6,
    "num_actions": 1
  },
  "metrics": {
    "expected_free_energy": [
      [
        -1.4809641799679718
      ],
      [
        -1.434108594762395
      ],
      [
        -1.467322659080972
      ],
      [
        -1.457962333283196
      ],
      [
        -1.4567856330810949
      ],
      [
        -1.472260235361707
      ],
      [
        -1.4530069365228984
      ],
      [
        -1.4780636545874954
      ],
      [
        -1.4402458017406556
      ],
      [
        -1.4511790815686323
      ],
      [
        -1.479149984585265
      ],
      [
        -1.4662493563962207
      ],
      [
        -1.448314422186577
      ],
      [
        -1.5106351910234466
      ],
      [
        -1.535211428224979
      ]
    ],
    "belief_confidence": [
      0.6999999999999997,
      0.3316062176165803,
      0.7472056631892696,
      0.5648806549563746,
      0.6789805934046331,
      0.650562536071395,
      0.6423390167996162,
      0.6531192567068647,
      0.4024971625136494,
      0.4901570013827861,
      0.8106178326417921,
      0.692828522497903,
      0.5004075145809487,
      0.8236774068376943,
      0.9111123019607688
    ],
    "cumulative_preference": [
      0.0,
      0.0,
      0.0,
      0.0,
      0.0,
      0.0,
      0.0,
      0.0,
      0.0,
      0.0,
      0.0,
      0.0,
      0.0,
      0.0,
      0.0
    ]
  },
  "validation": {
    "all_beliefs_valid": true,
    "beliefs_sum_to_one": true,
    "actions_in_range": true
  }
}