{
  "success": true,
  "framework": "PyMDP",
  "model_name": "Hidden Markov Model Baseline",
  "num_timesteps": 15,
  "simulation_trace": {
    "observations": [
      4,
      2,
      3,
      3,
      5,
      1,
      1,
      1,
      5,
      3,
      0,
      1,
      1,
      5,
      3
    ],
    "true_states": [
      2,
      2,
      1,
      1,
      1,
      1,
      1,
      1,
      1,
      1,
      1,
      1,
      1,
      1,
      3
    ],
    "beliefs": [
      [
        0.10000000000000009,
        0.10000000000000009,
        0.3999999999999999,
        0.3999999999999999
      ],
      [
        0.052631578947368494,
        0.0657894736842106,
        0.7828947368421049,
        0.09868421052631585
      ],
      [
        0.06939625260235957,
        0.11485079805690504,
        0.26439972241498955,
        0.5513532269257457
      ],
      [
        0.04352647629609102,
        0.060032842123222026,
        0.0883005267535349,
        0.808140154827152
      ],
      [
        0.2782637746438447,
        0.3195984403921723,
        0.12409104731229983,
        0.2780467376516832
      ],
      [
        0.09449819929150931,
        0.7536886333337107,
        0.06720339527908244,
        0.08460977209569762
      ],
      [
        0.0359929436247501,
        0.8986892761643961,
        0.032631072766146324,
        0.03268670744470761
      ],
      [
        0.0250461939637423,
        0.9263576448677668,
        0.024631854717786134,
        0.023964306450704815
      ],
      [
        0.13859109715013362,
        0.7931257055075124,
        0.03455278443538449,
        0.03373041290696948
      ],
      [
        0.10766259202451023,
        0.34054413669778427,
        0.07092055893675026,
        0.4808727123409554
      ],
      [
        0.579689771485768,
        0.15668184555905454,
        0.09234700408233841,
        0.17128137887283912
      ],
      [
        0.2017667759590173,
        0.6410139536571082,
        0.07357710005768697,
        0.08364217032618765
      ],
      [
        0.05593913197599765,
        0.8714422874067189,
        0.0367308304745006,
        0.035887750142782775
      ],
      [
        0.16286710711112312,
        0.7640000572160246,
        0.03717768937934281,
        0.0359551462935095
      ],
      [
        0.1157703995674716,
        0.3291347142875647,
        0.07154214643462303,
        0.48355273971034063
      ]
    ],
    "actions": [
      0,
      0,
      0,
      0,
      0,
      0,
      0,
      0,
      0,
      0,
      0,
      0,
      0,
      0,
      0
    ],
    "efe_history": [
      [
        -1.445249425079412
      ],
      [
        -1.4746408255153254
      ],
      [
        -1.4519663464958283
      ],
      [
        -1.4834940297821366
      ],
      [
        -1.4348676877426818
      ],
      [
        -1.4957940548654969
      ],
      [
        -1.5328624485386246
      ],
      [
        -1.540788049931476
      ],
      [
        -1.5100516976825509
      ],
      [
        -1.4418249099863703
      ],
      [
        -1.4592271853259153
      ],
      [
        -1.4775111758895043
      ],
      [
        -1.5259140045282928
      ],
      [
        -1.5044820264211922
      ],
      [
        -1.4411279868199658
      ]
    ],
    "belief_confidence": [
      0.3999999999999999,
      0.7828947368421049,
      0.5513532269257457,
      0.808140154827152,
      0.3195984403921723,
      0.7536886333337107,
      0.8986892761643961,
      0.9263576448677668,
      0.7931257055075124,
      0.4808727123409554,
      0.579689771485768,
      0.6410139536571082,
      0.8714422874067189,
      0.7640000572160246,
      0.48355273971034063
    ]
  },
  "observations": [
    4,
    2,
    3,
    3,
    5,
    1,
    1,
    1,
    5,
    3,
    0,
    1,
    1,
    5,
    3
  ],
  "true_states": [
    2,
    2,
    1,
    1,
    1,
    1,
    1,
    1,
    1,
    1,
    1,
    1,
    1,
    1,
    3
  ],
  "beliefs": [
    [
      0.10000000000000009,
      0.10000000000000009,
      0.3999999999999999,
      0.3999999999999999
    ],
    [
      0.052631578947368494,
      0.0657894736842106,
      0.7828947368421049,
      0.09868421052631585
    ],
    [
      0.06939625260235957,
      0.11485079805690504,
      0.26439972241498955,
      0.5513532269257457
    ],
    [
      0.04352647629609102,
      0.060032842123222026,
      0.0883005267535349,
      0.808140154827152
    ],
    [
      0.2782637746438447,
      0.3195984403921723,
      0.12409104731229983,
      0.2780467376516832
    ],
    [
      0.09449819929150931,
      0.7536886333337107,
      0.06720339527908244,
      0.08460977209569762
    ],
    [
      0.0359929436247501,
      0.8986892761643961,
      0.032631072766146324,
      0.03268670744470761
    ],
    [
      0.0250461939637423,
      0.9263576448677668,
      0.024631854717786134,
      0.023964306450704815
    ],
    [
      0.13859109715013362,
      0.7931257055075124,
      0.03455278443538449,
      0.03373041290696948
    ],
    [
      0.10766259202451023,
      0.34054413669778427,
      0.07092055893675026,
      0.4808727123409554
    ],
    [
      0.579689771485768,
      0.15668184555905454,
      0.09234700408233841,
      0.17128137887283912
    ],
    [
      0.2017667759590173,
      0.6410139536571082,
      0.07357710005768697,
      0.08364217032618765
    ],
    [
      0.05593913197599765,
      0.8714422874067189,
      0.0367308304745006,
      0.035887750142782775
    ],
    [
      0.16286710711112312,
      0.7640000572160246,
      0.03717768937934281,
      0.0359551462935095
    ],
    [
      0.1157703995674716,
      0.3291347142875647,
      0.07154214643462303,
      0.48355273971034063
    ]
  ],
  "actions": [
    0,
    0,
    0,
    0,
    0,
    0,
    0,
    0,
    0,
    0,
    0,
    0,
    0,
    0,
    0
  ],
  "model_parameters": {
    "A_shape": [
      6,
      4
    ],
    "B_shape": [
      4,
      4,
      1
    ],
    "C_shape": [
      6
    ],
    "D_shape": [
      4
    ],
    "num_states": 4,
    "num_observations": 6,
    "num_actions": 1
  },
  "metrics": {
    "expected_free_energy": [
      [
        -1.445249425079412
      ],
      [
        -1.4746408255153254
      ],
      [
        -1.4519663464958283
      ],
      [
        -1.4834940297821366
      ],
      [
        -1.4348676877426818
      ],
      [
        -1.4957940548654969
      ],
      [
        -1.5328624485386246
      ],
      [
        -1.540788049931476
      ],
      [
        -1.5100516976825509
      ],
      [
        -1.4418249099863703
      ],
      [
        -1.4592271853259153
      ],
      [
        -1.4775111758895043
      ],
      [
        -1.5259140045282928
      ],
      [
        -1.5044820264211922
      ],
      [
        -1.4411279868199658
      ]
    ],
    "belief_confidence": [
      0.3999999999999999,
      0.7828947368421049,
      0.5513532269257457,
      0.808140154827152,
      0.3195984403921723,
      0.7536886333337107,
      0.8986892761643961,
      0.9263576448677668,
      0.7931257055075124,
      0.4808727123409554,
      0.579689771485768,
      0.6410139536571082,
      0.8714422874067189,
      0.7640000572160246,
      0.48355273971034063
    ],
    "cumulative_preference": [
      0.0,
      0.0,
      0.0,
      0.0,
      0.0,
      0.0,
      0.0,
      0.0,
      0.0,
      0.0,
      0.0,
      0.0,
      0.0,
      0.0,
      0.0
    ]
  },
  "validation": {
    "all_beliefs_valid": true,
    "beliefs_sum_to_one": true,
    "actions_in_range": true
  }
}