{
  "success": true,
  "framework": "PyMDP",
  "model_name": "Hidden Markov Model Baseline",
  "num_timesteps": 15,
  "simulation_trace": {
    "observations": [
      3,
      3,
      1,
      1,
      1,
      1,
      5,
      5,
      5,
      1,
      1,
      3,
      4,
      2,
      2
    ],
    "true_states": [
      3,
      3,
      1,
      1,
      1,
      1,
      1,
      1,
      1,
      1,
      1,
      3,
      3,
      2,
      2
    ],
    "beliefs": [
      [
        0.10000000000000012,
        0.10000000000000012,
        0.10000000000000012,
        0.6999999999999996
      ],
      [
        0.04324324324324332,
        0.04594594594594602,
        0.05945945945945957,
        0.8513513513513512
      ],
      [
        0.06992797118847542,
        0.51890756302521,
        0.11929771908763516,
        0.29186674669867935
      ],
      [
        0.04010479816179284,
        0.8370668385039975,
        0.05334870825243141,
        0.06947965508177827
      ],
      [
        0.02670632190096905,
        0.9155248599625105,
        0.02876412923055588,
        0.029004688905964575
      ],
      [
        0.023614960055886786,
        0.9292085903005057,
        0.023871158397989842,
        0.023305291245617806
      ],
      [
        0.1374600842462362,
        0.7945380556399637,
        0.03439425801636433,
        0.03360760209743574
      ],
      [
        0.22199607286328069,
        0.7058117642073722,
        0.03666697339011051,
        0.03552518953923658
      ],
      [
        0.28429599706974973,
        0.6426638804871889,
        0.037148427994767565,
        0.03589169444829375
      ],
      [
        0.068746421426213,
        0.8702483421204746,
        0.031038398949287047,
        0.02996683750402524
      ],
      [
        0.02972689579875669,
        0.9211310515709336,
        0.02494274595966499,
        0.024199306670644904
      ],
      [
        0.07045096497454291,
        0.39170974548016396,
        0.06869033033717828,
        0.46914895920811495
      ],
      [
        0.05584705660537713,
        0.13420780930729903,
        0.2846081309064091,
        0.5253370031809147
      ],
      [
        0.04821486157707819,
        0.0754725502024704,
        0.7453393060229905,
        0.13097328219746082
      ],
      [
        0.032935384147656586,
        0.05615320971259348,
        0.8686372117620492,
        0.042274194377700615
      ]
    ],
    "actions": [
      0,
      0,
      0,
      0,
      0,
      0,
      0,
      0,
      0,
      0,
      0,
      0,
      0,
      0,
      0
    ],
    "efe_history": [
      [
        -1.4619037623092515
      ],
      [
        -1.4908082199898443
      ],
      [
        -1.4521104316012916
      ],
      [
        -1.5149787107089545
      ],
      [
        -1.5374924882323617
      ],
      [
        -1.5415994112220415
      ],
      [
        -1.510336373425057
      ],
      [
        -1.495913508566691
      ],
      [
        -1.488550055485016
      ],
      [
        -1.5264230893200124
      ],
      [
        -1.5394205915157053
      ],
      [
        -1.4458752138546909
      ],
      [
        -1.4508682852879693
      ],
      [
        -1.4704936761757101
      ],
      [
        -1.487985626584479
      ]
    ],
    "belief_confidence": [
      0.6999999999999996,
      0.8513513513513512,
      0.51890756302521,
      0.8370668385039975,
      0.9155248599625105,
      0.9292085903005057,
      0.7945380556399637,
      0.7058117642073722,
      0.6426638804871889,
      0.8702483421204746,
      0.9211310515709336,
      0.46914895920811495,
      0.5253370031809147,
      0.7453393060229905,
      0.8686372117620492
    ]
  },
  "observations": [
    3,
    3,
    1,
    1,
    1,
    1,
    5,
    5,
    5,
    1,
    1,
    3,
    4,
    2,
    2
  ],
  "true_states": [
    3,
    3,
    1,
    1,
    1,
    1,
    1,
    1,
    1,
    1,
    1,
    3,
    3,
    2,
    2
  ],
  "beliefs": [
    [
      0.10000000000000012,
      0.10000000000000012,
      0.10000000000000012,
      0.6999999999999996
    ],
    [
      0.04324324324324332,
      0.04594594594594602,
      0.05945945945945957,
      0.8513513513513512
    ],
    [
      0.06992797118847542,
      0.51890756302521,
      0.11929771908763516,
      0.29186674669867935
    ],
    [
      0.04010479816179284,
      0.8370668385039975,
      0.05334870825243141,
      0.06947965508177827
    ],
    [
      0.02670632190096905,
      0.9155248599625105,
      0.02876412923055588,
      0.029004688905964575
    ],
    [
      0.023614960055886786,
      0.9292085903005057,
      0.023871158397989842,
      0.023305291245617806
    ],
    [
      0.1374600842462362,
      0.7945380556399637,
      0.03439425801636433,
      0.03360760209743574
    ],
    [
      0.22199607286328069,
      0.7058117642073722,
      0.03666697339011051,
      0.03552518953923658
    ],
    [
      0.28429599706974973,
      0.6426638804871889,
      0.037148427994767565,
      0.03589169444829375
    ],
    [
      0.068746421426213,
      0.8702483421204746,
      0.031038398949287047,
      0.02996683750402524
    ],
    [
      0.02972689579875669,
      0.9211310515709336,
      0.02494274595966499,
      0.024199306670644904
    ],
    [
      0.07045096497454291,
      0.39170974548016396,
      0.06869033033717828,
      0.46914895920811495
    ],
    [
      0.05584705660537713,
      0.13420780930729903,
      0.2846081309064091,
      0.5253370031809147
    ],
    [
      0.04821486157707819,
      0.0754725502024704,
      0.7453393060229905,
      0.13097328219746082
    ],
    [
      0.032935384147656586,
      0.05615320971259348,
      0.8686372117620492,
      0.042274194377700615
    ]
  ],
  "actions": [
    0,
    0,
    0,
    0,
    0,
    0,
    0,
    0,
    0,
    0,
    0,
    0,
    0,
    0,
    0
  ],
  "model_parameters": {
    "A_shape": [
      6,
      4
    ],
    "B_shape": [
      4,
      4,
      1
    ],
    "C_shape": [
      6
    ],
    "D_shape": [
      4
    ],
    "num_states": 4,
    "num_observations": 6,
    "num_actions": 1
  },
  "metrics": {
    "expected_free_energy": [
      [
        -1.4619037623092515
      ],
      [
        -1.4908082199898443
      ],
      [
        -1.4521104316012916
      ],
      [
        -1.5149787107089545
      ],
      [
        -1.5374924882323617
      ],
      [
        -1.5415994112220415
      ],
      [
        -1.510336373425057
      ],
      [
        -1.495913508566691
      ],
      [
        -1.488550055485016
      ],
      [
        -1.5264230893200124
      ],
      [
        -1.5394205915157053
      ],
      [
        -1.4458752138546909
      ],
      [
        -1.4508682852879693
      ],
      [
        -1.4704936761757101
      ],
      [
        -1.487985626584479
      ]
    ],
    "belief_confidence": [
      0.6999999999999996,
      0.8513513513513512,
      0.51890756302521,
      0.8370668385039975,
      0.9155248599625105,
      0.9292085903005057,
      0.7945380556399637,
      0.7058117642073722,
      0.6426638804871889,
      0.8702483421204746,
      0.9211310515709336,
      0.46914895920811495,
      0.5253370031809147,
      0.7453393060229905,
      0.8686372117620492
    ],
    "cumulative_preference": [
      0.0,
      0.0,
      0.0,
      0.0,
      0.0,
      0.0,
      0.0,
      0.0,
      0.0,
      0.0,
      0.0,
      0.0,
      0.0,
      0.0,
      0.0
    ]
  },
  "validation": {
    "all_beliefs_valid": true,
    "beliefs_sum_to_one": true,
    "actions_in_range": true
  }
}