{
  "metrics": {
    "expected_free_energy": [
      2.126859134756673,
      2.106230388979793,
      2.094141567984286,
      2.0880209458725343,
      2.23025701074039,
      2.25906938841114,
      2.2627238474259297,
      2.2617113640264113,
      2.260007703447507,
      2.258341483556889,
      2.2568303664716622,
      2.255479682057976,
      2.254275686695411,
      2.2029434455176666,
      2.2499572306125284,
      2.2577046760036232,
      2.2064773770511104,
      2.1715512195431357,
      2.251689188530077,
      1.8943594502148247,
      2.158963093777528,
      2.1301625014540813,
      2.228023825854722,
      2.2475469025577324,
      2.197705071561815,
      2.247756844246952,
      2.2562592508565436,
      2.2052009520815985,
      2.1703913860150514,
      2.1470048353014697
    ],
    "policy_posterior": [
      [
        0.3333333333333333,
        0.3333333333333333,
        0.3333333333333333
      ],
      [
        0.3333333333333333,
        0.3333333333333333,
        0.3333333333333333
      ],
      [
        0.3333333333333333,
        0.3333333333333333,
        0.3333333333333333
      ],
      [
        0.3333333333333333,
        0.3333333333333333,
        0.3333333333333333
      ],
      [
        0.3333333333333333,
        0.3333333333333333,
        0.3333333333333333
      ],
      [
        0.3333333333333333,
        0.3333333333333333,
        0.3333333333333333
      ],
      [
        0.3333333333333333,
        0.3333333333333333,
        0.3333333333333333
      ],
      [
        0.3333333333333333,
        0.3333333333333333,
        0.3333333333333333
      ],
      [
        0.3333333333333333,
        0.3333333333333333,
        0.3333333333333333
      ],
      [
        0.3333333333333333,
        0.3333333333333333,
        0.3333333333333333
      ],
      [
        0.3333333333333333,
        0.3333333333333333,
        0.3333333333333333
      ],
      [
        0.3333333333333333,
        0.3333333333333333,
        0.3333333333333333
      ],
      [
        0.3333333333333333,
        0.3333333333333333,
        0.3333333333333333
      ],
      [
        0.3333333333333333,
        0.3333333333333333,
        0.3333333333333333
      ],
      [
        0.3333333333333333,
        0.3333333333333333,
        0.3333333333333333
      ],
      [
        0.3333333333333333,
        0.3333333333333333,
        0.3333333333333333
      ],
      [
        0.3333333333333333,
        0.3333333333333333,
        0.3333333333333333
      ],
      [
        0.3333333333333333,
        0.3333333333333333,
        0.3333333333333333
      ],
      [
        0.3333333333333333,
        0.3333333333333333,
        0.3333333333333333
      ],
      [
        0.3333333333333333,
        0.3333333333333333,
        0.3333333333333333
      ],
      [
        0.3333333333333333,
        0.3333333333333333,
        0.3333333333333333
      ],
      [
        0.3333333333333333,
        0.3333333333333333,
        0.3333333333333333
      ],
      [
        0.3333333333333333,
        0.3333333333333333,
        0.3333333333333333
      ],
      [
        0.3333333333333333,
        0.3333333333333333,
        0.3333333333333333
      ],
      [
        0.3333333333333333,
        0.3333333333333333,
        0.3333333333333333
      ],
      [
        0.3333333333333333,
        0.3333333333333333,
        0.3333333333333333
      ],
      [
        0.3333333333333333,
        0.3333333333333333,
        0.3333333333333333
      ],
      [
        0.3333333333333333,
        0.3333333333333333,
        0.3333333333333333
      ],
      [
        0.3333333333333333,
        0.3333333333333333,
        0.3333333333333333
      ],
      [
        0.3333333333333333,
        0.3333333333333333,
        0.3333333333333333
      ]
    ],
    "belief_confidence": [
      0.43636363636363634,
      0.4817460317460318,
      0.5204353772509689,
      0.5526310933265995,
      0.5900983487672038,
      0.5867195879367494,
      0.5760163819016509,
      0.5650077147962588,
      0.5549044994573561,
      0.5458279502027957,
      0.5377088304365352,
      0.5304525811161843,
      0.5239686862503726,
      0.5555361417376382,
      0.5606266129273786,
      0.553644831916816,
      0.5797075305924206,
      0.60060520647843,
      0.6134098534818222,
      0.36933245814388616,
      0.45014730202900677,
      0.4861711128534236,
      0.511330471973416,
      0.5122656561157191,
      0.5458916555075243,
      0.5526565030499097,
      0.5466568664305932,
      0.5740522034866521,
      0.5960965259406588,
      0.6135911532347127
    ]
  },
  "efe_per_action": [
    [
      2.126859134756673,
      2.126859134756673,
      2.126859134756673
    ],
    [
      2.106230388979793,
      2.106230388979793,
      2.106230388979793
    ],
    [
      2.094141567984286,
      2.094141567984286,
      2.094141567984286
    ],
    [
      2.0880209458725343,
      2.0880209458725343,
      2.0880209458725343
    ],
    [
      2.23025701074039,
      2.23025701074039,
      2.23025701074039
    ],
    [
      2.25906938841114,
      2.25906938841114,
      2.25906938841114
    ],
    [
      2.2627238474259297,
      2.2627238474259297,
      2.2627238474259297
    ],
    [
      2.2617113640264113,
      2.2617113640264113,
      2.2617113640264113
    ],
    [
      2.260007703447507,
      2.260007703447507,
      2.260007703447507
    ],
    [
      2.258341483556889,
      2.258341483556889,
      2.258341483556889
    ],
    [
      2.2568303664716622,
      2.2568303664716622,
      2.2568303664716622
    ],
    [
      2.255479682057976,
      2.255479682057976,
      2.255479682057976
    ],
    [
      2.254275686695411,
      2.254275686695411,
      2.254275686695411
    ],
    [
      2.2029434455176666,
      2.2029434455176666,
      2.2029434455176666
    ],
    [
      2.2499572306125284,
      2.2499572306125284,
      2.2499572306125284
    ],
    [
      2.2577046760036232,
      2.2577046760036232,
      2.2577046760036232
    ],
    [
      2.2064773770511104,
      2.2064773770511104,
      2.2064773770511104
    ],
    [
      2.1715512195431357,
      2.1715512195431357,
      2.1715512195431357
    ],
    [
      2.251689188530077,
      2.251689188530077,
      2.251689188530077
    ],
    [
      1.8943594502148247,
      1.8943594502148247,
      1.8943594502148247
    ],
    [
      2.158963093777528,
      2.158963093777528,
      2.158963093777528
    ],
    [
      2.1301625014540813,
      2.1301625014540813,
      2.1301625014540813
    ],
    [
      2.228023825854722,
      2.228023825854722,
      2.228023825854722
    ],
    [
      2.2475469025577324,
      2.2475469025577324,
      2.2475469025577324
    ],
    [
      2.197705071561815,
      2.197705071561815,
      2.197705071561815
    ],
    [
      2.247756844246952,
      2.247756844246952,
      2.247756844246952
    ],
    [
      2.2562592508565436,
      2.2562592508565436,
      2.2562592508565436
    ],
    [
      2.2052009520815985,
      2.2052009520815985,
      2.2052009520815985
    ],
    [
      2.1703913860150514,
      2.1703913860150514,
      2.1703913860150514
    ],
    [
      2.1470048353014697,
      2.1470048353014697,
      2.1470048353014697
    ]
  ],
  "runtime_metadata": {
    "random_seed": 42,
    "activeinference_jl_version": "0.1.2",
    "julia_version": "1.12.6",
    "schema_version": "activeinference_jl_simulation_v1",
    "generated_at": "2026-05-22T06:22:08.129"
  },
  "expected_free_energy": [
    2.126859134756673,
    2.106230388979793,
    2.094141567984286,
    2.0880209458725343,
    2.23025701074039,
    2.25906938841114,
    2.2627238474259297,
    2.2617113640264113,
    2.260007703447507,
    2.258341483556889,
    2.2568303664716622,
    2.255479682057976,
    2.254275686695411,
    2.2029434455176666,
    2.2499572306125284,
    2.2577046760036232,
    2.2064773770511104,
    2.1715512195431357,
    2.251689188530077,
    1.8943594502148247,
    2.158963093777528,
    2.1301625014540813,
    2.228023825854722,
    2.2475469025577324,
    2.197705071561815,
    2.247756844246952,
    2.2562592508565436,
    2.2052009520815985,
    2.1703913860150514,
    2.1470048353014697
  ],
  "beliefs_by_factor": {
    "joint_state": [
      [
        0.12727272727272726,
        0.43636363636363634,
        0.43636363636363634
      ],
      [
        0.14444444444444443,
        0.4817460317460318,
        0.3738095238095238
      ],
      [
        0.15578983359927057,
        0.5204353772509689,
        0.32377478914976066
      ],
      [
        0.1628451549615874,
        0.5526310933265995,
        0.2845237517118132
      ],
      [
        0.08183042009817346,
        0.5900983487672038,
        0.32807123113462283
      ],
      [
        0.0648856506538402,
        0.5867195879367494,
        0.3483947614094104
      ],
      [
        0.061634489761724795,
        0.5760163819016509,
        0.3623491283366242
      ],
      [
        0.06102129686660161,
        0.5650077147962588,
        0.37397098833713965
      ],
      [
        0.060906020057365146,
        0.5549044994573561,
        0.38418948048527873
      ],
      [
        0.060884361943212,
        0.5458279502027957,
        0.3932876878539924
      ],
      [
        0.0608802933027399,
        0.5377088304365352,
        0.4014108762607249
      ],
      [
        0.060879528994405865,
        0.5304525811161843,
        0.4086678898894099
      ],
      [
        0.06087938541699733,
        0.5239686862503726,
        0.41515192833263004
      ],
      [
        0.09405329520068086,
        0.5555361417376382,
        0.35041056306168095
      ],
      [
        0.06729000579971761,
        0.5606266129273786,
        0.3720833812729039
      ],
      [
        0.06209013731393104,
        0.553644831916816,
        0.384265030769253
      ],
      [
        0.09455421338916468,
        0.5797075305924206,
        0.3257382560184146
      ],
      [
        0.11735557083415334,
        0.60060520647843,
        0.28203922268741666
      ],
      [
        0.07201755304674354,
        0.6134098534818222,
        0.31457259347143424
      ],
      [
        0.2693217977777777,
        0.3613457440783362,
        0.36933245814388616
      ],
      [
        0.10835847263464433,
        0.44149422533634886,
        0.45014730202900677
      ],
      [
        0.1302889928404102,
        0.4861711128534236,
        0.38353989430616625
      ],
      [
        0.07472638993593557,
        0.511330471973416,
        0.41394313809064837
      ],
      [
        0.063511200902844,
        0.5122656561157191,
        0.424223142981437
      ],
      [
        0.09611085212767183,
        0.5458916555075243,
        0.35799749236480394
      ],
      [
        0.06769975574758592,
        0.5526565030499097,
        0.3796437412025045
      ],
      [
        0.062167973546735256,
        0.5466568664305932,
        0.39117516002267155
      ],
      [
        0.09469796163385835,
        0.5740522034866521,
        0.33124983487948967
      ],
      [
        0.11756471042330162,
        0.5960965259406588,
        0.2863387636360396
      ],
      [
        0.133365396178013,
        0.6135911532347127,
        0.25304345058727434
      ]
    ]
  },
  "policy_posterior": [
    [
      0.3333333333333333,
      0.3333333333333333,
      0.3333333333333333
    ],
    [
      0.3333333333333333,
      0.3333333333333333,
      0.3333333333333333
    ],
    [
      0.3333333333333333,
      0.3333333333333333,
      0.3333333333333333
    ],
    [
      0.3333333333333333,
      0.3333333333333333,
      0.3333333333333333
    ],
    [
      0.3333333333333333,
      0.3333333333333333,
      0.3333333333333333
    ],
    [
      0.3333333333333333,
      0.3333333333333333,
      0.3333333333333333
    ],
    [
      0.3333333333333333,
      0.3333333333333333,
      0.3333333333333333
    ],
    [
      0.3333333333333333,
      0.3333333333333333,
      0.3333333333333333
    ],
    [
      0.3333333333333333,
      0.3333333333333333,
      0.3333333333333333
    ],
    [
      0.3333333333333333,
      0.3333333333333333,
      0.3333333333333333
    ],
    [
      0.3333333333333333,
      0.3333333333333333,
      0.3333333333333333
    ],
    [
      0.3333333333333333,
      0.3333333333333333,
      0.3333333333333333
    ],
    [
      0.3333333333333333,
      0.3333333333333333,
      0.3333333333333333
    ],
    [
      0.3333333333333333,
      0.3333333333333333,
      0.3333333333333333
    ],
    [
      0.3333333333333333,
      0.3333333333333333,
      0.3333333333333333
    ],
    [
      0.3333333333333333,
      0.3333333333333333,
      0.3333333333333333
    ],
    [
      0.3333333333333333,
      0.3333333333333333,
      0.3333333333333333
    ],
    [
      0.3333333333333333,
      0.3333333333333333,
      0.3333333333333333
    ],
    [
      0.3333333333333333,
      0.3333333333333333,
      0.3333333333333333
    ],
    [
      0.3333333333333333,
      0.3333333333333333,
      0.3333333333333333
    ],
    [
      0.3333333333333333,
      0.3333333333333333,
      0.3333333333333333
    ],
    [
      0.3333333333333333,
      0.3333333333333333,
      0.3333333333333333
    ],
    [
      0.3333333333333333,
      0.3333333333333333,
      0.3333333333333333
    ],
    [
      0.3333333333333333,
      0.3333333333333333,
      0.3333333333333333
    ],
    [
      0.3333333333333333,
      0.3333333333333333,
      0.3333333333333333
    ],
    [
      0.3333333333333333,
      0.3333333333333333,
      0.3333333333333333
    ],
    [
      0.3333333333333333,
      0.3333333333333333,
      0.3333333333333333
    ],
    [
      0.3333333333333333,
      0.3333333333333333,
      0.3333333333333333
    ],
    [
      0.3333333333333333,
      0.3333333333333333,
      0.3333333333333333
    ],
    [
      0.3333333333333333,
      0.3333333333333333,
      0.3333333333333333
    ]
  ],
  "actions": [
    1,
    0,
    1,
    1,
    1,
    0,
    0,
    1,
    1,
    1,
    2,
    0,
    2,
    1,
    0,
    2,
    0,
    1,
    0,
    0,
    1,
    2,
    0,
    2,
    0,
    1,
    2,
    1,
    1,
    1
  ],
  "model_parameters": {
    "num_observations": 3,
    "E_shape": [
      3
    ],
    "A_shape": [
      3,
      3
    ],
    "D_shape": [
      3
    ],
    "B_shape": [
      3,
      3,
      3
    ],
    "num_actions": 3,
    "C_shape": [
      3
    ],
    "num_states": 3
  },
  "num_timesteps": 30,
  "true_states": [
    1,
    1,
    1,
    1,
    1,
    1,
    1,
    1,
    1,
    1,
    1,
    1,
    1,
    1,
    2,
    2,
    2,
    2,
    2,
    2,
    2,
    2,
    2,
    2,
    2,
    2,
    2,
    2,
    1,
    1
  ],
  "framework": "ActiveInference.jl",
  "observations_by_modality": {
    "joint_observation": [
      0,
      1,
      1,
      1,
      0,
      0,
      0,
      0,
      0,
      0,
      0,
      0,
      0,
      1,
      0,
      0,
      1,
      1,
      0,
      2,
      0,
      1,
      0,
      0,
      1,
      0,
      0,
      1,
      1,
      1
    ]
  },
  "observations": [
    0,
    1,
    1,
    1,
    0,
    0,
    0,
    0,
    0,
    0,
    0,
    0,
    0,
    1,
    0,
    0,
    1,
    1,
    0,
    2,
    0,
    1,
    0,
    0,
    1,
    0,
    0,
    1,
    1,
    1
  ],
  "matrix_provenance": {
    "A": {
      "derived": false,
      "shape": [
        3,
        3
      ],
      "source": "InitialParameterization"
    },
    "B": {
      "canonical_order": "next_state_previous_state_action",
      "derived": false,
      "shape": [
        3,
        3,
        3
      ],
      "source": "InitialParameterization",
      "source_order": "next_state_previous_state_action"
    },
    "C": {
      "derived": false,
      "shape": [
        3
      ],
      "source": "InitialParameterization"
    },
    "D": {
      "derived": false,
      "shape": [
        3
      ],
      "source": "InitialParameterization"
    }
  },
  "success": true,
  "validation": {
    "all_beliefs_valid": true,
    "actions_in_range": true,
    "all_valid": true,
    "beliefs_sum_to_one": true
  },
  "actions_by_control_factor": {
    "joint_action": [
      1,
      0,
      1,
      1,
      1,
      0,
      0,
      1,
      1,
      1,
      2,
      0,
      2,
      1,
      0,
      2,
      0,
      1,
      0,
      0,
      1,
      2,
      0,
      2,
      0,
      1,
      2,
      1,
      1,
      1
    ]
  },
  "hidden_states_by_factor": {
    "joint_state": [
      1,
      1,
      1,
      1,
      1,
      1,
      1,
      1,
      1,
      1,
      1,
      1,
      1,
      1,
      2,
      2,
      2,
      2,
      2,
      2,
      2,
      2,
      2,
      2,
      2,
      2,
      2,
      2,
      1,
      1
    ]
  },
  "model_name": "Multi Armed Bandit Agent",
  "schema_version": "activeinference_jl_simulation_v1",
  "variational_free_energy": [],
  "beliefs": [
    [
      0.12727272727272726,
      0.43636363636363634,
      0.43636363636363634
    ],
    [
      0.14444444444444443,
      0.4817460317460318,
      0.3738095238095238
    ],
    [
      0.15578983359927057,
      0.5204353772509689,
      0.32377478914976066
    ],
    [
      0.1628451549615874,
      0.5526310933265995,
      0.2845237517118132
    ],
    [
      0.08183042009817346,
      0.5900983487672038,
      0.32807123113462283
    ],
    [
      0.0648856506538402,
      0.5867195879367494,
      0.3483947614094104
    ],
    [
      0.061634489761724795,
      0.5760163819016509,
      0.3623491283366242
    ],
    [
      0.06102129686660161,
      0.5650077147962588,
      0.37397098833713965
    ],
    [
      0.060906020057365146,
      0.5549044994573561,
      0.38418948048527873
    ],
    [
      0.060884361943212,
      0.5458279502027957,
      0.3932876878539924
    ],
    [
      0.0608802933027399,
      0.5377088304365352,
      0.4014108762607249
    ],
    [
      0.060879528994405865,
      0.5304525811161843,
      0.4086678898894099
    ],
    [
      0.06087938541699733,
      0.5239686862503726,
      0.41515192833263004
    ],
    [
      0.09405329520068086,
      0.5555361417376382,
      0.35041056306168095
    ],
    [
      0.06729000579971761,
      0.5606266129273786,
      0.3720833812729039
    ],
    [
      0.06209013731393104,
      0.553644831916816,
      0.384265030769253
    ],
    [
      0.09455421338916468,
      0.5797075305924206,
      0.3257382560184146
    ],
    [
      0.11735557083415334,
      0.60060520647843,
      0.28203922268741666
    ],
    [
      0.07201755304674354,
      0.6134098534818222,
      0.31457259347143424
    ],
    [
      0.2693217977777777,
      0.3613457440783362,
      0.36933245814388616
    ],
    [
      0.10835847263464433,
      0.44149422533634886,
      0.45014730202900677
    ],
    [
      0.1302889928404102,
      0.4861711128534236,
      0.38353989430616625
    ],
    [
      0.07472638993593557,
      0.511330471973416,
      0.41394313809064837
    ],
    [
      0.063511200902844,
      0.5122656561157191,
      0.424223142981437
    ],
    [
      0.09611085212767183,
      0.5458916555075243,
      0.35799749236480394
    ],
    [
      0.06769975574758592,
      0.5526565030499097,
      0.3796437412025045
    ],
    [
      0.062167973546735256,
      0.5466568664305932,
      0.39117516002267155
    ],
    [
      0.09469796163385835,
      0.5740522034866521,
      0.33124983487948967
    ],
    [
      0.11756471042330162,
      0.5960965259406588,
      0.2863387636360396
    ],
    [
      0.133365396178013,
      0.6135911532347127,
      0.25304345058727434
    ]
  ]
}